24.0  503.333343506
28.9983577728  503.205169678
33.9967155457  503.077026367
38.9950714111  502.948852539
43.9934272766  502.820709229
48.9917869568  502.6925354
53.990901947  502.598449707
58.9901695251  502.513000488
63.989440918  502.42755127
68.9887084961  502.342071533
73.9879760742  502.256622314
78.9872512817  502.171173096
83.9865188599  502.085693359
88.985786438  502.000244141
93.9851074219  501.917602539
98.9844207764  501.834960938
103.98374176  501.752349854
108.983055115  501.669708252
113.982376099  501.58706665
118.981689453  501.504455566
123.981010437  501.421813965
128.980331421  501.339172363
133.979812622  501.267913818
138.979324341  501.197479248
143.978820801  501.127075195
148.97833252  501.056671143
153.977828979  500.986236572
158.977340698  500.91583252
163.976837158  500.845428467
168.976348877  500.774993896
173.975845337  500.704589844
178.975814819  500.684448242
183.975662231  500.722900391
188.975509644  500.761352539
193.975372314  500.799835205
198.975219727  500.838287354
203.975067139  500.876739502
208.97492981  500.91519165
213.974777222  500.953643799
218.974624634  500.992126465
223.974411011  501.037841797
228.974197388  501.085479736
233.973968506  501.133087158
238.973739624  501.18069458
243.973510742  501.22833252
248.97328186  501.275939941
253.973052979  501.323577881
258.97064209  501.478607178
263.967315674  501.661407471
268.96395874  501.844207764
273.960632324  502.027038574
278.957275391  502.209838867
283.777893066  503.537139893
287.183868408  507.197631836
288.363189697  512.05657959
288.895874023  517.028137207
288.498474121  522.012268066
288.0  526.987365723
288.0  531.987365723
285.630279541  536.390136719
280.780517578  537.606689453
275.795227051  537.990112305
270.809967041  538.373596191
265.823516846  538.741394043
260.833557129  539.058227539
255.843612671  539.375
250.853652954  539.691833496
245.8646698  540.023681641
240.939529419  540.885559082
236.014373779  541.747497559
231.08921814  542.609375
226.164077759  543.471313477
221.238922119  544.333190918
216.34538269  545.359558105
211.474624634  546.489013672
206.603866577  547.618408203
201.733093262  548.74786377
196.862335205  549.877319336
191.880828857  550.307067871
186.892684937  550.651062012
181.904525757  550.995117188
176.916381836  551.339111328
171.928222656  551.683105469
166.940078735  552.027160645
161.951919556  552.371154785
156.959869385  552.653015137
151.96081543  552.556274414
146.961746216  552.459472656
141.962677002  552.362731934
136.963623047  552.265991211
131.964553833  552.169250488
126.965492249  552.07244873
121.966430664  551.975708008
116.96736145  551.878967285
111.968299866  551.782226562
106.969238281  551.685424805
101.971611023  551.531311035
96.9744338989  551.36328125
91.9772567749  551.1953125
86.9800796509  551.02734375
81.9829025269  550.859375
76.9857254028  550.69140625
71.9885482788  550.5234375
66.9913711548  550.35546875
62.0154685974  549.86517334
57.0446052551  549.326171875
52.0737457275  548.78717041
47.1028823853  548.248168945
42.132019043  547.709106445
37.1534309387  547.246887207
32.1615753174  546.961669922
27.169719696  546.676391602
23.9544296265  542.847290039
23.4877281189  537.869140625
23.021024704  532.890930176
21.4414920807  528.147033691
19.8115406036  523.420166016
19.5192050934  518.428710938
19.3579978943  513.431274414
19.978975296  508.470001221
23.0483112335  504.522949219
