24.6666660309  501.333343506
29.6654853821  501.22467041
34.6643028259  501.115997314
39.6631240845  501.007324219
44.6619415283  500.898681641
49.6607627869  500.790008545
54.6595802307  500.681335449
59.6570205688  500.521362305
64.6541976929  500.353363037
69.6513748169  500.185394287
74.6485519409  500.017425537
79.6457290649  499.849456787
84.642906189  499.681488037
89.640083313  499.513519287
94.637260437  499.345550537
99.6365814209  499.263092041
104.636009216  499.187347412
109.635437012  499.111602783
114.634864807  499.035858154
119.634284973  498.960113525
124.633712769  498.884368896
129.633148193  498.80859375
134.632568359  498.732849121
139.632003784  498.65814209
144.631546021  498.590576172
149.631103516  498.523010254
154.630645752  498.455444336
159.630187988  498.387878418
164.629730225  498.320343018
169.629272461  498.2527771
174.628814697  498.185211182
179.628356934  498.117645264
184.62789917  498.050079346
189.627532959  497.989715576
194.627380371  497.950042725
199.627227783  497.910369873
204.627059937  497.870697021
209.626907349  497.83102417
214.626754761  497.791320801
219.626586914  497.751647949
224.626434326  497.711975098
229.626281738  497.672302246
234.623687744  497.833312988
239.619918823  498.027313232
244.616149902  498.221343994
249.612380981  498.415374756
254.608627319  498.609405518
259.604858398  498.803436279
264.601074219  498.997467041
269.55178833  499.697875977
274.501525879  500.404998779
279.451263428  501.112091064
284.258056641  502.488677979
286.888824463  506.740600586
288.013122559  511.612579346
289.082641602  516.496826172
288.424499512  521.453369141
287.50894165  526.368774414
289.658599854  530.883117676
288.049530029  535.617126465
283.653869629  538.0
278.653869629  538.0
273.653869629  538.0
268.653869629  538.0
263.660797119  538.263000488
258.679840088  538.698852539
253.698867798  539.13470459
248.717895508  539.570556641
243.736923218  540.006408691
238.768234253  540.565063477
233.854431152  541.489440918
228.940628052  542.413818359
224.026809692  543.338195801
219.113006592  544.262573242
214.199188232  545.186950684
209.285385132  546.111328125
204.348007202  546.900268555
199.382263184  547.48449707
194.416503906  548.068664551
189.450759888  548.652893066
184.48500061  549.237121582
179.488128662  549.413696289
174.489044189  549.50982666
169.489974976  549.605957031
164.490890503  549.702087402
159.491821289  549.798217773
154.492736816  549.894348145
149.493667603  549.990478516
144.496459961  549.823364258
139.500305176  549.627441406
134.504135132  549.431518555
129.507980347  549.235595703
124.511817932  549.039672852
119.515663147  548.84375
114.519096375  548.658447266
109.519828796  548.572998047
104.520553589  548.487548828
99.5212860107  548.402099609
94.5220184326  548.316650391
89.5227508545  548.231140137
84.523475647  548.145690918
79.5242080688  548.060241699
74.5262298584  547.918151855
69.5339279175  547.640808105
64.5416259766  547.363464355
59.5493240356  547.086120605
54.5570220947  546.808776855
49.5647201538  546.531433105
44.5730857849  546.24230957
39.583240509  545.92376709
34.5933952332  545.605285645
29.6124191284  545.169555664
24.7367572784  544.061401367
22.0097084045  539.870544434
20.9557781219  534.982910156
20.7385902405  529.987609863
20.1155357361  525.026611328
19.2522411346  520.10168457
17.6004943848  515.382385254
18.4703559875  510.458648682
20.5536289215  505.913299561
23.8826580048  502.182678223
