28.0  503.333343506
32.9984779358  503.20993042
37.9969520569  503.086517334
42.9954299927  502.963104248
47.9939079285  502.839660645
52.9923820496  502.716247559
57.9917259216  502.635192871
62.9914474487  502.582550049
67.9911727905  502.529937744
72.9908981323  502.477294922
77.9906158447  502.424682617
82.9903411865  502.372039795
87.9899368286  502.308380127
92.9890441895  502.214050293
97.9881591797  502.119720459
102.987266541  502.025421143
107.986373901  501.931091309
112.985488892  501.836761475
117.984596252  501.742462158
122.984222412  501.681274414
127.983673096  501.755340576
132.983123779  501.829406738
137.982574463  501.9034729
142.982025146  501.977539062
147.98147583  502.051605225
152.980926514  502.125671387
157.980377197  502.199707031
162.979827881  502.273773193
167.979110718  502.358886719
172.977401733  502.48928833
177.975708008  502.619659424
182.974014282  502.750061035
187.972305298  502.880432129
192.970611572  503.01083374
197.968902588  503.141235352
202.967208862  503.271606445
207.965789795  503.390563965
212.964614868  503.499237061
217.963424683  503.607910156
222.962249756  503.716583252
227.961074829  503.825256348
232.959884644  503.933898926
237.959716797  503.974212646
242.959289551  503.908447266
247.958862305  503.842651367
252.9584198  503.776885986
257.958007812  503.711090088
262.95791626  503.737335205
267.953216553  503.954498291
272.948486328  504.171691895
277.921356201  504.691833496
281.957458496  507.643096924
283.442230225  512.417541504
284.704376221  517.255615234
285.226593018  522.228271484
285.018463135  527.223937988
284.384063721  532.183532715
282.592773438  536.851623535
279.567352295  540.832458496
275.814208984  544.136108398
271.22644043  546.124145508
266.452789307  547.61151123
261.457946777  547.384460449
256.478973389  547.842407227
251.522018433  548.497131348
246.565063477  549.151794434
241.606933594  549.797546387
236.644607544  550.41015625
231.682281494  551.022766113
226.719955444  551.635375977
221.757629395  552.248046875
216.795303345  552.860656738
211.844207764  553.558349609
206.896713257  554.281005859
201.94921875  555.003662109
197.001708984  555.726318359
192.054214478  556.448974609
187.106704712  557.171630859
182.108444214  557.303161621
177.108596802  557.264404297
172.108734131  557.225646973
167.108886719  557.186889648
162.109039307  557.148132324
157.109191895  557.109375
152.109344482  557.070617676
147.10949707  557.031860352
142.109649658  556.991516113
137.10987854  556.943908691
132.110107422  556.89630127
127.110336304  556.848693848
122.110565186  556.801086426
117.110786438  556.753479004
112.11101532  556.705810547
107.112342834  556.590576172
102.130607605  556.163574219
97.1488800049  555.736572266
92.1671447754  555.309570312
87.1854095459  554.882568359
82.1944885254  554.581420898
77.1974563599  554.409118652
72.2004241943  554.236816406
67.2033996582  554.06451416
62.2063674927  553.892211914
57.2093391418  553.719909668
52.2583007812  553.021850586
47.3454475403  552.092407227
42.4268417358  551.193908691
37.4849853516  550.43359375
32.7200469971  548.918579102
28.5194301605  546.206604004
26.9955482483  541.444458008
25.2187252045  536.770812988
22.9826622009  532.298706055
22.1128883362  527.374938965
21.4730300903  522.416015625
21.0967788696  517.430175781
20.794303894  512.439331055
21.8275279999  507.547271729
25.7929840088  504.50177002
