24.6666660309  503.333343506
29.6646842957  503.192565918
34.6627006531  503.051757812
39.6607170105  502.910980225
44.6587371826  502.770202637
49.6576652527  502.666687012
54.6576652527  502.666687012
59.6576652527  502.666687012
64.657661438  502.666687012
69.657661438  502.666687012
74.657661438  502.666687012
79.657661438  502.666687012
84.6575164795  502.627716064
89.6573104858  502.582672119
94.6571044922  502.537628174
99.6569061279  502.492584229
104.656700134  502.447540283
109.65650177  502.402496338
114.656295776  502.357452393
119.656280518  502.369934082
124.655662537  502.448638916
129.655044556  502.527374268
134.654418945  502.606109619
139.653793335  502.684844971
144.653182983  502.763580322
149.652557373  502.842285156
154.651947021  502.921020508
159.651321411  502.999755859
164.651168823  502.95980835
169.651000977  502.919494629
174.65083313  502.879180908
179.650680542  502.83883667
184.650512695  502.798522949
189.650344849  502.758209229
194.650192261  502.717895508
199.650024414  502.677581787
204.649658203  502.738250732
209.648696899  502.836273193
214.647735596  502.934295654
219.646774292  503.032318115
224.645812988  503.130310059
229.644851685  503.22833252
234.643890381  503.32635498
239.643585205  503.382232666
244.643295288  503.434844971
249.64302063  503.487487793
254.642745972  503.540130615
259.642456055  503.59274292
264.642181396  503.645385742
269.636230469  503.889404297
274.6222229  504.263366699
279.608215332  504.637298584
284.142974854  506.743499756
285.087219238  511.653533936
285.609008789  516.626220703
285.462036133  521.624084473
285.271270752  526.620422363
284.773742676  531.595581055
283.928649902  536.523681641
280.871429443  540.480102539
277.121826172  543.787719727
272.288970947  545.069702148
267.312805176  545.557556152
262.336669922  546.045410156
257.360534668  546.533325195
252.394760132  547.117370605
247.433364868  547.737487793
242.471984863  548.357666016
237.5105896  548.977844238
232.549194336  549.598022461
227.587814331  550.218200684
222.624099731  550.819580078
217.654693604  551.371704102
212.685272217  551.92388916
207.71585083  552.476013184
202.746429443  553.028198242
197.777008057  553.580322266
192.80758667  554.132507324
187.838180542  554.684631348
182.858215332  555.131774902
177.867645264  555.438903809
172.877090454  555.746032715
167.886535645  556.053161621
162.895965576  556.360229492
157.905410767  556.667358398
152.914855957  556.974487305
147.924301147  557.281616211
142.933731079  557.588684082
137.935638428  557.450866699
132.943984985  557.16204834
127.952323914  556.873291016
122.960670471  556.584533691
117.969017029  556.295776367
112.977363586  556.007019043
107.985710144  555.718200684
102.994056702  555.429443359
97.998008728  555.230773926
93.0003738403  555.076965332
88.0027389526  554.923217773
83.0051040649  554.76940918
78.0118255615  554.510131836
73.0340499878  554.039306641
68.0562744141  553.56842041
63.0784912109  553.09753418
58.1007118225  552.626708984
53.1126823425  552.280944824
48.1146087646  552.142089844
43.1165390015  552.003234863
38.1298027039  551.639282227
33.282913208  550.411376953
30.2132072449  546.464660645
27.7292823792  542.125244141
25.7836303711  537.519348145
24.3335952759  532.73425293
22.9834632874  527.91998291
22.783624649  522.923950195
22.7852954865  517.923950195
23.0705451965  512.932128906
23.4367465973  507.945526123
