23.3333339691  502.333343506
28.3333339691  502.333343506
33.3333358765  502.333343506
38.3333358765  502.333343506
43.3284072876  502.11138916
48.3207092285  501.83404541
53.3130073547  501.55670166
58.3053092957  501.27935791
63.2976112366  501.00201416
68.2899169922  500.724639893
73.2875518799  500.571014404
78.2860946655  500.450073242
83.2846298218  500.329162598
88.283164978  500.208221436
93.2817001343  500.087280273
98.2802429199  499.966369629
103.278778076  499.845428467
108.277313232  499.724487305
113.27545929  499.588226318
118.273200989  499.437927246
123.270935059  499.287597656
128.268676758  499.137298584
133.266418457  498.986999512
138.264160156  498.836669922
143.261901855  498.68637085
148.259643555  498.536071777
153.257385254  498.385742188
158.256729126  498.305023193
163.256546021  498.261535645
168.256347656  498.218078613
173.256164551  498.174591064
178.255966187  498.131103516
183.255783081  498.087646484
188.255599976  498.044158936
193.255401611  498.000671387
198.255233765  498.042785645
203.2550354  498.086273193
208.254852295  498.129760742
213.254653931  498.173248291
218.254470825  498.216705322
223.25428772  498.260192871
228.254089355  498.30368042
233.253265381  498.394958496
238.24949646  498.588989258
243.245727539  498.78302002
248.241958618  498.977050781
253.238189697  499.171081543
258.234436035  499.365112305
263.230651855  499.559143066
268.229492188  499.666687012
273.229492188  499.666687012
278.229492188  499.666687012
283.105194092  500.774688721
287.420501709  503.300201416
288.814544678  508.101928711
290.208587646  512.903625488
289.431427002  517.842895508
289.299072266  522.841125488
289.795654297  527.81640625
290.228790283  532.797607422
286.636199951  536.275146484
281.702728271  537.088012695
276.726593018  537.575866699
271.750427246  538.063720703
266.769561768  538.500671387
261.783569336  538.874633789
256.797576904  539.248535156
251.811569214  539.622497559
246.825576782  539.996459961
241.840881348  540.387451172
236.870727539  540.932922363
231.90057373  541.47845459
226.930435181  542.023925781
221.960281372  542.569458008
216.990127563  543.114929199
212.042190552  543.834716797
207.112503052  544.670227051
202.182815552  545.505737305
197.253112793  546.341308594
192.323425293  547.176818848
187.393722534  548.012390137
182.464035034  548.847900391
177.534347534  549.68347168
172.549194336  550.06854248
167.55039978  550.178405762
162.551605225  550.288269043
157.552810669  550.398132324
152.554016113  550.507995605
147.555221558  550.617858887
142.555252075  550.604248047
137.556503296  550.491943359
132.557769775  550.379577637
127.559028625  550.267272949
122.560295105  550.154907227
117.561553955  550.042602539
112.56502533  549.856384277
107.570373535  549.625183105
102.575721741  549.393981934
97.5810699463  549.162719727
92.5864181519  548.931518555
87.5917739868  548.700256348
82.5971221924  548.469055176
77.6031646729  548.223327637
72.6102600098  547.95703125
67.6173553467  547.690734863
62.6244506836  547.424438477
57.6315460205  547.15814209
52.6418876648  546.836730957
47.6580696106  546.434753418
42.6742515564  546.032836914
37.6904296875  545.63092041
32.7020645142  545.290039062
27.7048397064  545.123474121
23.3477954865  542.670715332
21.9996433258  537.855895996
21.0468044281  532.947509766
19.9004478455  528.080688477
18.4800071716  523.286682129
18.0  518.309814453
18.0  513.309814453
19.3768196106  508.503112793
22.0736980438  504.292785645
