20.6666660309  499.333343506
25.6542549133  498.981292725
30.6418457031  498.629211426
35.6294364929  498.277160645
40.617023468  497.925079346
45.6046142578  497.573028564
50.598865509  497.333343506
55.598865509  497.333343506
60.598865509  497.333343506
65.5988693237  497.333343506
70.5988693237  497.333343506
75.5988693237  497.333343506
80.5988693237  497.333343506
85.5988693237  497.333343506
90.5984344482  497.398986816
95.5971832275  497.510894775
100.595932007  497.622802734
105.594680786  497.734710693
110.593421936  497.846618652
115.592170715  497.958526611
120.590919495  498.070465088
125.589668274  498.182373047
130.588409424  498.294281006
135.588378906  498.311645508
140.588272095  498.278320312
145.588165283  498.2449646
150.588058472  498.211639404
155.587936401  498.178314209
160.58782959  498.144989014
165.587722778  498.111633301
170.587600708  498.078308105
175.587493896  498.04498291
180.587387085  498.011627197
185.586746216  498.091644287
190.584762573  498.232421875
195.582778931  498.37322998
200.580795288  498.514007568
205.578811646  498.654815674
210.576828003  498.795593262
215.57484436  498.936401367
220.572860718  499.077178955
225.570877075  499.217956543
230.569335938  499.342559814
235.569076538  499.393585205
240.568817139  499.444580078
245.568557739  499.495605469
250.568283081  499.546630859
255.568023682  499.59765625
260.567779541  499.648681641
265.567138672  499.72769165
270.566253662  499.822021484
275.565368652  499.916320801
280.538787842  500.431030273
284.443145752  503.554504395
285.765869141  508.376373291
286.627746582  513.301513672
287.333312988  518.251525879
287.333312988  523.251525879
287.333312988  528.251525879
286.712615967  533.21282959
285.873291016  538.141906738
284.014434814  542.783508301
279.09274292  543.664978027
274.171051025  544.546508789
269.249389648  545.427978516
264.327697754  546.309509277
259.348358154  546.76373291
254.351013184  546.926269531
249.353652954  547.088806152
244.356292725  547.251281738
239.358932495  547.413818359
234.361587524  547.576293945
229.364227295  547.738830566
224.366867065  547.901367188
219.368331909  548.022583008
214.368667603  548.080078125
209.368988037  548.137512207
204.36932373  548.195007324
199.369659424  548.252441406
194.369979858  548.309936523
189.370315552  548.367431641
184.370651245  548.424865723
179.37097168  548.48236084
174.371307373  548.539794922
169.371643066  548.597290039
164.371963501  548.654724121
159.373931885  548.514404297
154.377624512  548.322265625
149.381332397  548.130065918
144.385025024  547.937927246
139.388717651  547.745727539
134.392410278  547.553588867
129.396102905  547.361450195
124.400192261  547.159240723
119.404350281  546.955322266
114.40851593  546.751403809
109.41267395  546.547485352
104.41683197  546.343566895
99.4209899902  546.139648438
94.4282226562  545.870788574
89.4450302124  545.461242676
84.4618301392  545.051635742
79.4786376953  544.642089844
74.4954376221  544.23248291
69.5389328003  543.574462891
64.6360244751  542.59387207
59.7331161499  541.613342285
54.7841835022  540.90057373
49.8209533691  540.295288086
44.8577270508  539.690002441
39.9398880005  538.78729248
35.0242424011  537.872741699
30.1102523804  536.949279785
25.234582901  535.841247559
22.0604782104  531.977905273
20.7123355865  527.163085938
20.2290763855  522.186523438
19.7763977051  517.20703125
19.430355072  512.219055176
19.1184635162  507.228759766
19.847536087  502.282226562
