20.3333339691  500.333343506
25.3311729431  500.186340332
30.3290119171  500.039367676
35.3268508911  499.892364502
40.3246879578  499.745361328
45.3225288391  499.598358154
50.3203659058  499.451385498
55.3183860779  499.31060791
60.3170547485  499.195251465
65.3157196045  499.07989502
70.3143920898  498.964538574
75.3130645752  498.849182129
80.3117294312  498.733856201
85.3104019165  498.618499756
90.3090667725  498.503143311
95.3077392578  498.387786865
100.307662964  498.414855957
105.305282593  498.569091797
110.302902222  498.723358154
115.300521851  498.877593994
120.298149109  499.031829834
125.295768738  499.186096191
130.293380737  499.340332031
135.291000366  499.494567871
140.288619995  499.648834229
145.286239624  499.803070068
150.283874512  499.957336426
155.282104492  500.089813232
160.280563354  500.214019775
165.279022217  500.338195801
170.277481079  500.462371826
175.275939941  500.586578369
180.274398804  500.710754395
185.272857666  500.83493042
190.271316528  500.959136963
195.269775391  501.083312988
200.268234253  501.207489014
205.266693115  501.331695557
210.266586304  501.363616943
215.266494751  501.394287109
220.266403198  501.424957275
225.266296387  501.455627441
230.266204834  501.486297607
235.266113281  501.516998291
240.266021729  501.547668457
245.265930176  501.578338623
250.265838623  501.609008789
255.265731812  501.639678955
260.265655518  501.666687012
265.265655518  501.666687012
270.265655518  501.666687012
275.265655518  501.666687012
280.265655518  501.666687012
284.141052246  504.826049805
285.317779541  509.685577393
285.841217041  514.65814209
286.326324463  519.634521484
286.210083008  524.633178711
286.093841553  529.631835938
285.787597656  534.622436523
284.702972412  539.503356934
281.668823242  543.477539062
276.946350098  545.120178223
271.963134766  545.529785156
266.968200684  545.754272461
261.973236084  545.978759766
256.978271484  546.20324707
251.983322144  546.427734375
246.988357544  546.65222168
241.997634888  546.956665039
237.007247925  547.266662598
232.016876221  547.576599121
227.026489258  547.886535645
222.036102295  548.196533203
217.045715332  548.506469727
212.055343628  548.816467285
207.064956665  549.126403809
202.074569702  549.436340332
197.084182739  549.746337891
192.090362549  549.994750977
187.090438843  549.966064453
182.090530396  549.937316895
177.090606689  549.908569336
172.090698242  549.879821777
167.090774536  549.851135254
162.090866089  549.822387695
157.090942383  549.793640137
152.091018677  549.764892578
147.091110229  549.73614502
142.091186523  549.707458496
137.091278076  549.678710938
132.091842651  549.60345459
127.093017578  549.494812012
122.094200134  549.386108398
117.09538269  549.27746582
112.096565247  549.168762207
107.097740173  549.060119629
102.106422424  548.765563965
97.133895874  548.2421875
92.1613693237  547.71875
87.1888427734  547.195373535
82.2163085938  546.671936035
77.2544326782  546.055664062
72.3165359497  545.270080566
67.3786315918  544.48449707
62.4407310486  543.698913574
57.5028305054  542.913330078
52.5649299622  542.127746582
47.6343994141  541.297180176
42.7150497437  540.402770996
37.7957000732  539.508361816
32.8763504028  538.613891602
27.9241428375  537.924255371
22.9834289551  537.156555176
22.5167236328  532.178405762
22.0500183105  527.200195312
21.2658996582  522.262084961
20.4439048767  517.33013916
20.3333339691  512.331359863
20.3333339691  507.331329346
20.3333339691  502.331329346
