24.3333339691  502.333343506
29.3308162689  502.174682617
34.3282966614  502.016021729
39.3257789612  501.857391357
44.323261261  501.698730469
49.3222084045  501.596069336
54.3214263916  501.507568359
59.3206443787  501.4190979
64.3198623657  501.330627441
69.3190765381  501.242126465
74.3182907104  501.153656006
79.3175125122  501.065185547
84.3165512085  500.967346191
89.3150177002  500.843414307
94.3134841919  500.719512939
99.3119430542  500.595581055
104.310409546  500.47164917
109.308876038  500.347717285
114.3073349  500.2237854
119.305801392  500.099853516
124.304626465  499.991394043
129.304428101  499.947143555
134.304229736  499.902923584
139.304031372  499.858673096
144.303848267  499.814422607
149.303649902  499.770172119
154.303451538  499.725921631
159.303253174  499.681671143
164.3019104  499.565582275
169.299560547  499.412597656
174.297225952  499.259613037
179.294891357  499.106628418
184.292541504  498.953643799
189.290206909  498.80065918
194.288269043  498.661621094
199.288101196  498.62097168
204.28793335  498.580322266
209.287780762  498.539672852
214.287612915  498.499023438
219.287445068  498.458374023
224.287277222  498.417724609
229.287109375  498.377075195
234.286941528  498.336425781
239.279052734  498.6171875
244.269622803  498.924285889
249.260177612  499.231414795
254.250732422  499.538513184
259.243835449  499.801025391
264.238525391  500.031555176
269.233215332  500.262054443
274.227905273  500.492584229
279.179992676  501.182922363
283.511077881  503.681304932
284.773193359  508.519378662
287.116546631  512.936218262
288.740936279  517.665039062
288.188781738  522.634460449
288.0  527.630859375
287.472412109  532.602966309
284.179901123  536.365844727
279.570953369  538.304321289
274.729553223  539.553649902
269.802886963  540.406921387
264.842895508  541.038208008
259.88293457  541.669494629
254.922927856  542.30078125
249.948440552  542.805175781
244.973251343  543.302734375
239.998077393  543.800231934
235.022888184  544.297729492
230.047698975  544.795288086
225.072509766  545.292785645
220.102050781  545.835449219
215.132034302  546.382141113
210.162002563  546.928894043
205.191986084  547.475585938
200.221954346  548.022277832
195.251937866  548.568969727
190.271743774  549.01361084
185.272155762  549.077697754
180.272567749  549.141784668
175.272979736  549.205932617
170.273391724  549.270019531
165.273803711  549.334106445
160.274215698  549.398193359
155.274627686  549.462280273
150.275039673  549.526428223
145.27545166  549.590515137
140.275863647  549.654602051
135.278366089  549.496337891
130.282775879  549.286376953
125.28717804  549.076477051
120.29158783  548.866577148
115.29599762  548.656677246
110.30040741  548.446777344
105.30480957  548.236877441
100.30921936  548.026977539
95.3092956543  548.0
90.3092956543  548.0
85.3092956543  548.0
80.3099517822  547.918579102
75.3256988525  547.522094727
70.3414459229  547.125671387
65.3571853638  546.729187012
60.3729286194  546.332702637
55.3886756897  545.936218262
50.4032554626  545.554626465
45.4155235291  545.204650879
40.4277877808  544.854614258
35.4400558472  544.504577637
30.4704704285  543.953918457
25.8073062897  542.149780273
23.7766132355  537.580749512
23.3286323547  532.600891113
22.9151096344  527.617980957
21.8304576874  522.737060547
20.7458057404  517.856140137
20.5846366882  512.858703613
20.9833641052  507.874633789
23.5513648987  503.584503174
