302.333343506  49.6666679382
307.314544678  49.2335205078
312.29574585  48.8003730774
317.276947021  48.3672218323
322.258148193  47.9340744019
327.248077393  47.6167182922
332.246368408  47.486328125
337.244659424  47.3559379578
342.242980957  47.2255477905
347.241271973  47.0951576233
352.239562988  46.9647674561
357.237884521  46.8343772888
362.236175537  46.7039871216
367.232116699  46.5027389526
372.226837158  46.2730979919
377.221557617  46.0434570312
382.216278076  45.8138122559
387.210998535  45.5841712952
392.205749512  45.3545303345
397.205352783  45.293170929
402.205169678  45.2489242554
407.204956055  45.2046775818
412.204772949  45.1604309082
417.204589844  45.1161842346
422.204376221  45.071937561
427.204193115  45.0276908875
432.204162598  45.0406684875
437.20300293  45.1493415833
442.201812744  45.2580108643
447.200622559  45.3666801453
452.199432373  45.4753494263
457.198272705  45.584022522
462.196380615  45.7216720581
467.191101074  45.9513168335
472.185821533  46.1809577942
477.180541992  46.4105987549
482.175262451  46.6402435303
487.16998291  46.869884491
492.157104492  47.2287826538
497.129211426  47.7561302185
502.101318359  48.2834739685
507.073425293  48.8108215332
512.045776367  49.3359260559
517.037780762  49.6184921265
522.029785156  49.901058197
527.021789551  50.1836242676
532.008972168  50.5415382385
536.989318848  50.9842376709
541.969726562  51.4269371033
546.969726562  51.424243927
551.705444336  53.0281829834
553.348083496  57.7506637573
554.069824219  62.6982917786
554.567382812  67.6734771729
555.769592285  72.526802063
555.600891113  77.5239562988
555.078857422  82.4966278076
554.22857666  87.4237976074
552.758178711  92.2026901245
550.909179688  96.848274231
546.649475098  99.4664459229
541.65435791  99.6868209839
536.659240723  99.9071960449
531.6640625  100.127571106
526.668395996  100.336051941
521.668579102  100.377037048
516.668762207  100.418022156
511.668914795  100.458999634
506.6690979  100.499984741
501.669250488  100.540969849
496.669433594  100.581947327
491.669586182  100.622932434
486.669769287  100.663917542
481.669769287  100.666671753
476.669769287  100.666671753
471.669769287  100.666671753
466.669769287  100.666671753
461.669769287  100.666671753
456.669769287  100.666671753
451.669769287  100.666671753
446.669769287  100.666671753
441.669769287  100.666671753
436.669769287  100.678222656
431.669891357  100.712944031
426.670013428  100.747665405
421.670135498  100.78238678
416.670257568  100.817108154
411.670379639  100.851829529
406.670501709  100.886550903
401.670623779  100.921272278
396.67074585  100.955993652
391.67086792  100.990715027
386.671142578  100.938964844
381.671813965  100.855644226
376.672515869  100.772323608
371.673217773  100.688995361
366.673919678  100.605674744
361.674591064  100.522354126
356.675292969  100.439033508
351.675994873  100.355712891
346.676574707  100.432167053
341.678405762  100.567253113
336.680236816  100.702339172
331.682037354  100.837425232
326.683868408  100.972511292
321.685913086  100.829399109
316.69052124  100.615310669
311.695098877  100.4012146
306.699676514  100.18712616
301.704406738  99.9700469971
296.71005249  99.7322311401
294.671569824  95.1666412354
293.944091797  90.2198486328
293.419799805  85.2474136353
293.021057129  80.2633361816
293.0  75.263381958
293.0  70.263381958
293.602325439  65.2997970581
294.285522461  60.3466911316
295.991699219  55.6468009949
299.069641113  51.7064704895
