291.333343506  58.3333320618
296.299865723  57.7558288574
301.266418457  57.1783218384
306.229614258  56.5728416443
311.161590576  55.7508468628
316.093566895  54.9288520813
321.025543213  54.1068572998
325.957489014  53.2848625183
330.911651611  52.6094017029
335.875823975  52.0118598938
340.839996338  51.4143218994
345.804168701  50.816783905
350.768341064  50.2192459106
355.73248291  49.6217079163
360.696655273  49.0241661072
365.672332764  48.531452179
370.661010742  48.1951370239
375.649688721  47.8588218689
380.638366699  47.5225067139
385.627044678  47.1861953735
390.615722656  46.8498802185
395.610931396  46.6316261292
400.610351562  46.5547142029
405.609771729  46.4777984619
410.609161377  46.4008827209
415.609039307  46.3666381836
420.601593018  46.639667511
425.594116211  46.9126968384
430.586669922  47.1857261658
435.579223633  47.4587554932
440.571746826  47.7317848206
445.564300537  48.0048141479
450.55682373  48.2778434753
455.549377441  48.5508728027
460.543762207  48.7878036499
465.539337158  48.9981460571
470.534912109  49.2084846497
475.530487061  49.4188270569
480.526062012  49.6291656494
485.521636963  49.8395042419
490.515289307  50.0909194946
495.500579834  50.4744033813
500.485839844  50.8578834534
505.471099854  51.2413673401
510.456390381  51.6248474121
515.442321777  52.0
520.442321777  52.0
525.442321777  52.0
530.442321777  52.0
535.441833496  52.069278717
540.432067871  52.3811683655
545.422363281  52.6930618286
550.411560059  53.02085495
555.242736816  54.3091659546
556.305664062  59.1948852539
557.13269043  64.1260147095
557.585388184  69.1054840088
557.666687012  74.1048202515
557.688598633  79.1047744751
557.938293457  84.0985336304
556.606079102  88.9177856445
554.809326172  93.5838241577
553.02935791  98.2562561035
548.029968262  98.3333282471
543.029968262  98.3333282471
538.029968262  98.3333282471
533.029968262  98.3333282471
528.029968262  98.3333282471
523.029968262  98.3333282471
518.029968262  98.3462371826
513.034484863  98.5588150024
508.039001465  98.7713851929
503.043548584  98.9839630127
498.048065186  99.1965332031
493.052581787  99.4091110229
488.057098389  99.6216812134
483.064605713  99.8954696655
478.073028564  100.185676575
473.081451416  100.475883484
468.089874268  100.766090393
463.098327637  101.056297302
458.106292725  101.338798523
453.107757568  101.459243774
448.109191895  101.579696655
443.110656738  101.700141907
438.112091064  101.820587158
433.113555908  101.941040039
428.113891602  102.0
423.113891602  102.0
418.113891602  102.0
413.113891602  102.0
408.113891602  102.0
403.113891602  102.0
398.113891602  102.0
393.113891602  102.0
388.114227295  101.944503784
383.115142822  101.848365784
378.11605835  101.752227783
373.116973877  101.656089783
368.117919922  101.559959412
363.118835449  101.463821411
358.119750977  101.367683411
353.122253418  101.209823608
348.125946045  101.017662048
343.129638672  100.825492859
338.133331299  100.633331299
333.137023926  100.441162109
328.140716553  100.249000549
323.14440918  100.056838989
318.146209717  99.9234695435
313.147369385  99.8147964478
308.14855957  99.7061233521
303.152191162  99.5151824951
298.157867432  99.2773590088
293.163513184  99.0395355225
289.307312012  95.8568267822
288.412872314  90.9374771118
287.920440674  85.9617843628
287.773468018  80.9639434814
287.832641602  75.9642944336
288.434265137  71.0006256104
289.084655762  66.0431060791
290.484649658  61.2431030273
