305.0  51.0
309.977478027  50.5259552002
314.954956055  50.0519104004
319.932434082  49.5778617859
324.909912109  49.1038169861
329.887390137  48.6297721863
334.869110107  48.202495575
339.856903076  47.853351593
344.844696045  47.5042037964
349.832489014  47.1550598145
354.820281982  46.8059158325
359.808074951  46.4567680359
364.79586792  46.107624054
369.791931152  45.9089851379
374.79019165  45.7774505615
379.788452148  45.6459159851
384.786712646  45.5143852234
389.785003662  45.382850647
394.78338623  45.2563743591
399.781860352  45.1329574585
404.78036499  45.0095367432
409.778839111  44.8861198425
414.777313232  44.7626991272
419.776763916  44.6900405884
424.775665283  44.7952766418
429.77456665  44.90051651
434.7734375  45.0057563782
439.772338867  45.1109962463
444.771240234  45.2162361145
449.770141602  45.3214759827
454.767730713  45.4763793945
459.765136719  45.6375846863
464.750061035  46.0256462097
469.730834961  46.4635162354
474.711639404  46.901386261
479.69241333  47.3392601013
484.673217773  47.777130127
489.653991699  48.2150039673
494.640716553  48.5793266296
499.629333496  48.91639328
504.617950439  49.2534637451
509.6065979  49.5905342102
514.595214844  49.9276046753
519.588317871  50.1897583008
524.582458496  50.4314117432
529.576660156  50.6730651855
534.570800781  50.9147186279
539.567321777  51.1010627747
544.564880371  51.2572364807
549.543029785  51.7245674133
552.224121094  55.9449424744
553.325439453  60.8221435547
554.415283203  65.7019348145
555.0  70.6676177979
555.0  75.6676177979
554.438781738  80.6360244751
553.626281738  85.5695648193
552.468200684  90.43359375
550.422241211  94.9958496094
547.130859375  98.7597427368
542.140014648  99.0622177124
537.147827148  99.3408508301
532.14831543  99.4133071899
527.148864746  99.4857635498
522.149353027  99.5582199097
517.149902344  99.6306838989
512.150939941  99.5294494629
507.158355713  99.2571258545
502.165771484  98.9848022461
497.173187256  98.7124862671
492.173858643  98.7939987183
487.176208496  98.9469909668
482.178527832  99.0999832153
477.180877686  99.2529678345
472.183227539  99.405960083
467.185577393  99.5589523315
462.187286377  99.6897888184
457.187896729  99.7678985596
452.18850708  99.8460159302
447.189117432  99.9241333008
442.189727783  100.00328064
437.191040039  100.117538452
432.192352295  100.231796265
427.193664551  100.346046448
422.194946289  100.46030426
417.196258545  100.574562073
412.197570801  100.688812256
407.198883057  100.803070068
402.200164795  100.917327881
397.201477051  101.031578064
392.202789307  101.145835876
387.204101562  101.260093689
382.204956055  101.353271484
377.20526123  101.408828735
372.205566406  101.464378357
367.2059021  101.519935608
362.206207275  101.575485229
357.206512451  101.63104248
352.206970215  101.699874878
347.207824707  101.792449951
342.208679199  101.885025024
337.209564209  101.977600098
332.211395264  101.842140198
327.21572876  101.633987427
322.220062256  101.425834656
317.224395752  101.217689514
312.228729248  101.009536743
307.233062744  100.801383972
302.251251221  100.375213623
297.319274902  99.5532150269
293.483856201  96.3455047607
292.52947998  91.4374313354
291.666656494  86.5124435425
291.666656494  81.5124435425
291.666656494  76.5124435425
291.666656494  71.5124435425
291.666656494  66.5124435425
293.733978271  61.9598388672
296.545532227  57.8252105713
300.273651123  54.4933853149
304.294525146  51.5214271545
