28.0  503.333343506
32.9930877686  503.070556641
37.9861793518  502.807739258
42.9792671204  502.544952393
47.9723548889  502.282165527
52.9654464722  502.019348145
57.9635658264  501.882293701
62.9619522095  501.755218506
67.9603347778  501.628112793
72.9587173462  501.501037598
77.9571075439  501.373962402
82.9554901123  501.246887207
87.9538726807  501.119812012
92.9522399902  500.99206543
97.9503173828  500.853240967
102.948387146  500.714385986
107.946456909  500.575561523
112.944534302  500.436737061
117.942604065  500.29788208
122.940673828  500.159057617
127.938751221  500.020233154
132.936264038  500.177886963
137.931930542  500.386047363
142.927597046  500.594207764
147.92326355  500.802368164
152.918914795  501.010498047
157.914581299  501.218658447
162.910247803  501.426818848
167.905914307  501.634979248
172.901580811  501.843109131
177.899124146  502.0
182.899124146  502.0
187.899124146  502.0
192.899124146  502.0
197.899124146  502.0
202.899124146  502.0
207.899124146  502.0
212.899124146  502.0
217.899124146  502.0
222.899002075  502.0340271
227.897827148  502.142700195
232.896636963  502.251373291
237.895462036  502.360046387
242.894287109  502.468719482
247.893096924  502.577392578
252.890991211  502.722381592
257.881256104  503.03427124
262.871520996  503.346160889
267.861785889  503.65802002
272.852050781  503.969909668
277.839660645  504.321899414
282.819641113  504.76864624
286.666656494  507.962493896
286.666656494  512.962463379
286.603363037  517.962097168
286.442169189  522.959472656
286.131286621  527.949829102
285.511108398  532.911193848
282.327484131  536.766662598
278.441253662  539.912597656
273.924621582  542.057434082
268.990905762  542.868713379
264.0284729  543.480529785
259.066040039  544.092346191
254.103607178  544.704162598
249.141174316  545.315979004
244.145553589  545.525024414
239.14944458  545.722229004
234.153335571  545.919433594
229.157226562  546.116638184
224.161117554  546.313842773
219.203735352  546.965270996
214.253112793  547.666259766
209.302490234  548.367248535
204.351867676  549.06817627
199.401245117  549.769165039
194.450637817  550.470153809
189.500015259  551.171142578
184.535110474  551.762512207
179.545776367  552.088928223
174.556442261  552.415344238
169.567108154  552.741699219
164.577774048  553.068115234
159.588439941  553.39453125
154.599105835  553.720947266
149.60824585  554.023132324
144.610794067  554.182617188
139.613327026  554.342102051
134.615875244  554.501647949
129.618423462  554.661132812
124.62096405  554.820617676
119.623512268  554.980102539
114.623550415  555.0
109.623550415  555.0
104.623550415  555.0
99.623550415  555.0
94.623550415  555.0
89.6374893188  554.626953125
84.658782959  554.16595459
79.6800765991  553.704956055
74.6955032349  553.3125
69.6966629028  553.204956055
64.6978149414  553.097473145
59.6989746094  552.989990234
54.7001304626  552.882446289
49.7012863159  552.774963379
44.7024421692  552.667480469
39.7087097168  552.917724609
34.7151069641  553.170532227
29.7215023041  553.423400879
24.7278995514  553.676208496
19.7342948914  553.929077148
18.4275093079  549.102844238
18.523645401  544.103759766
18.6197814941  539.104675293
18.7159175873  534.105651855
18.8120536804  529.106567383
18.9081897736  524.10748291
19.0717487335  519.110168457
20.6017894745  514.350036621
22.3131847382  509.652008057
25.6580123901  505.935546875
