21.6666660309  504.666656494
26.6292209625  504.055877686
31.5917758942  503.445098877
36.5543327332  502.834320068
41.5168876648  502.223571777
46.5061798096  501.89654541
51.5035247803  501.733581543
56.500869751  501.570617676
61.4982147217  501.407653809
66.4955596924  501.244720459
71.4928970337  501.081756592
76.490852356  500.938751221
81.4893417358  500.815826416
86.4878311157  500.692932129
91.4863204956  500.570007324
96.4848098755  500.44708252
101.483299255  500.324188232
106.481788635  500.201263428
111.480278015  500.078338623
116.478874207  499.959716797
121.477638245  499.848632812
126.476402283  499.737548828
131.47517395  499.626464844
136.473937988  499.515380859
141.472702026  499.404296875
146.471466064  499.293212891
151.470230103  499.182128906
156.468994141  499.071044922
161.467956543  498.968933105
166.467208862  498.882751465
171.466461182  498.796539307
176.46572876  498.710357666
181.464981079  498.624145508
186.464233398  498.537963867
191.463500977  498.451751709
196.462753296  498.365570068
201.462753296  498.365234375
206.462493896  498.416259766
211.462234497  498.467285156
216.461975098  498.518310547
221.461715698  498.569335938
226.461456299  498.620330811
231.461029053  498.684906006
236.457122803  498.882781982
241.453201294  499.080657959
246.449279785  499.278503418
251.445373535  499.476379395
256.441436768  499.674255371
261.437530518  499.87210083
266.435913086  500.0
271.435913086  500.0
276.435913086  500.0
281.421142578  500.38394165
286.083099365  502.191162109
288.076721191  506.776489258
289.485900879  511.573822021
289.884643555  516.557922363
289.802368164  521.557250977
289.496795654  526.547851562
289.164215088  531.536804199
286.970245361  536.029724121
281.985351562  536.418395996
276.986206055  536.509338379
271.987030029  536.600219727
266.995758057  536.895935059
262.067657471  537.740722656
257.139556885  538.585571289
252.21144104  539.430358887
247.283325195  540.27520752
242.349777222  541.08770752
237.411712646  541.872253418
232.473648071  542.656799316
227.535583496  543.441345215
222.59753418  544.225891113
217.659469604  545.010437012
212.721405029  545.795043945
207.784561157  546.587219238
202.850418091  547.396057129
197.916275024  548.204956055
192.982131958  549.013793945
188.032562256  549.722106934
183.040771484  550.008544922
178.048980713  550.29498291
173.057189941  550.581420898
168.06539917  550.867797852
163.073608398  551.15423584
158.081817627  551.440673828
153.090042114  551.727050781
148.097488403  552.0
143.097488403  552.0
138.097488403  552.0
133.097488403  552.0
128.097488403  552.0
123.097488403  552.0
118.097488403  552.0
113.102592468  551.774108887
108.128036499  551.270324707
103.15348053  550.766601562
98.1789245605  550.262817383
93.2043609619  549.759094238
88.2238464355  549.318115234
83.2248077393  549.220092773
78.225769043  549.122070312
73.2267303467  549.024047852
68.2276916504  548.926025391
63.2286491394  548.82800293
58.2296104431  548.729980469
53.2371711731  548.45513916
48.2727890015  547.859375
43.3084068298  547.263671875
38.3440246582  546.667907715
33.3492202759  546.440063477
28.3543758392  546.21307373
23.4619884491  545.181274414
22.2493114471  540.330566406
21.0366325378  535.479858398
20.0336112976  530.581481934
19.1231651306  525.665100098
18.8034248352  520.675354004
18.8476753235  515.675537109
19.3003559113  510.696044922
21.1041507721  506.032775879
