298.666656494  52.3333320618
303.566802979  51.3390960693
308.466949463  50.3448638916
313.367126465  49.3506278992
318.267272949  48.3563957214
323.213562012  47.6255950928
328.21182251  47.4928970337
333.21005249  47.3602027893
338.208282471  47.2275047302
343.206542969  47.0948104858
348.204772949  46.9621124268
353.20300293  46.8294143677
358.20123291  46.6967201233
363.200927734  46.6399917603
368.200805664  46.6055107117
373.200683594  46.5710258484
378.200561523  46.5365447998
383.200439453  46.5020637512
388.200317383  46.4675827026
393.200195312  46.4331016541
398.20010376  46.3986167908
403.199981689  46.3641357422
408.199768066  46.3206367493
413.198364258  46.201625824
418.196960449  46.082611084
423.195526123  45.963596344
428.194122314  45.844581604
433.192687988  45.7255706787
438.19128418  45.6065559387
443.189880371  45.4875411987
448.188446045  45.3685264587
453.188323975  45.4023857117
458.18737793  45.5004043579
463.186401367  45.5984268188
468.185455322  45.6964454651
473.18447876  45.794467926
478.183532715  45.8924865723
483.182556152  45.9905090332
488.160400391  46.4608955383
493.134307861  46.9710388184
498.108215332  47.4811820984
503.082122803  47.9913253784
508.056030273  48.5014724731
513.041320801  48.88438797
518.030944824  49.2062988281
523.020568848  49.5282096863
528.010192871  49.8501243591
532.99395752  50.2533912659
537.971435547  50.7274360657
542.948913574  51.2014808655
547.943603516  50.9723014832
552.512268066  53.0038757324
554.766662598  57.4668235779
555.206115723  62.4474754333
555.645568848  67.4281234741
555.666625977  72.4280776978
555.631896973  77.4279556274
555.227844238  82.411605835
554.823791504  87.3952484131
553.534606934  92.2262039185
551.712646484  96.8824157715
546.831665039  97.9669876099
541.928771973  98.9475708008
536.942810059  99.3220748901
531.954406738  99.6622009277
526.966003418  100.002319336
521.977539062  100.342437744
516.989135742  100.682556152
512.000061035  101.012985229
507.003875732  101.207641602
502.007659912  101.402297974
497.011444092  101.596954346
492.015228271  101.791610718
487.019042969  101.986274719
482.020355225  102.101005554
477.02154541  102.20967865
472.022705078  102.318344116
467.023895264  102.427017212
462.025085449  102.535682678
457.026245117  102.644355774
452.026275635  102.635375977
447.026428223  102.596008301
442.026580811  102.556632996
437.026733398  102.51726532
432.026885986  102.477897644
427.027038574  102.438529968
422.027191162  102.399162292
417.02734375  102.359786987
412.027740479  102.297958374
407.028900146  102.190063477
402.030059814  102.082176208
397.031219482  101.97428894
392.03237915  101.866401672
387.033538818  101.758514404
382.034729004  101.650627136
377.035888672  101.542739868
372.03704834  101.434844971
367.038452148  101.316383362
362.046691895  101.029502869
357.054931641  100.742614746
352.063171387  100.455734253
347.071380615  100.16885376
342.079620361  99.8819732666
337.085479736  99.6401138306
332.086608887  99.5337524414
327.087738037  99.4273986816
322.088867188  99.3210372925
317.089996338  99.2146835327
312.091156006  99.1083221436
307.092285156  99.0019607544
302.097106934  98.7820892334
297.102050781  98.5600891113
292.106964111  98.3380813599
290.943878174  93.4752426147
290.390167236  88.5059967041
290.521697998  83.5077285767
290.653259277  78.5094528198
290.986602783  73.5205841064
291.357818604  68.5343780518
292.268280029  63.6179733276
293.519012451  58.7769317627
296.346679688  54.6533088684
