300.0  53.6666679382
304.967651367  53.0989341736
309.935333252  52.5312004089
314.88494873  51.8231201172
319.823272705  51.0402145386
324.76159668  50.25730896
329.699920654  49.4744033813
334.638244629  48.6914978027
339.584594727  47.9610290527
344.573516846  47.6284332275
349.562438965  47.2958374023
354.551361084  46.9632415771
359.540283203  46.630645752
364.529205322  46.2980537415
369.520324707  46.0
374.520324707  46.0
379.520324707  46.0
384.520324707  46.0
389.520324707  46.0
394.520324707  46.0
399.520324707  46.0
404.520324707  46.0
409.520294189  46.0143432617
414.520080566  46.0615119934
419.519866943  46.1086807251
424.51965332  46.1558456421
429.51940918  46.2030143738
434.519195557  46.2501831055
439.518981934  46.2973518372
444.518463135  46.3692474365
449.516174316  46.5206947327
454.51385498  46.6721420288
459.511566162  46.8235855103
464.509277344  46.9750328064
469.506988525  47.1264762878
474.504699707  47.277923584
479.502410889  47.4293670654
484.500091553  47.5808143616
489.499359131  47.6666679382
494.499359131  47.6666679382
499.499359131  47.6666679382
504.499359131  47.6666679382
509.498687744  47.7480621338
514.474975586  48.2348670959
519.451171875  48.7216758728
524.427429199  49.208480835
529.403686523  49.6952896118
534.379943848  50.1820983887
539.355895996  50.6718292236
544.230163574  51.785949707
549.104492188  52.9000740051
552.831481934  56.233165741
555.082458496  60.6977958679
555.481201172  65.6818771362
555.592163086  70.6806411743
555.453369141  75.6787185669
555.28137207  80.6757583618
554.897888184  85.661026001
554.069213867  90.5918807983
552.587219238  95.3671951294
548.72277832  98.5399246216
543.735046387  98.8899459839
538.747314453  99.2399597168
533.75958252  99.5899734497
528.763000488  99.7743606567
523.764892578  99.9122390747
518.766784668  100.050117493
513.768676758  100.187995911
508.770599365  100.325874329
503.772491455  100.463752747
498.774383545  100.601623535
493.776306152  100.739501953
488.778198242  100.877380371
483.779876709  101.007141113
478.780303955  101.071655273
473.780700684  101.136161804
468.78112793  101.200675964
463.781555176  101.265190125
458.781951904  101.329696655
453.78237915  101.394210815
448.782806396  101.458717346
443.783203125  101.523231506
438.783630371  101.587745667
433.7840271  101.652252197
428.78503418  101.553337097
423.787139893  101.407417297
418.789276123  101.261489868
413.791412354  101.115570068
408.793548584  100.969642639
403.795684814  100.823722839
398.797790527  100.67779541
393.799926758  100.53187561
388.802062988  100.385948181
383.802703857  100.306465149
378.802856445  100.264450073
373.803039551  100.222434998
368.803222656  100.180419922
363.803405762  100.138404846
358.803588867  100.096389771
353.803741455  100.054374695
348.803924561  100.012359619
343.804718018  99.9232940674
338.805908203  99.8146209717
333.807067871  99.7059555054
328.808258057  99.5972824097
323.809448242  99.4886169434
318.810638428  99.3799438477
313.814208984  99.1907119751
308.82043457  98.9410247803
303.826690674  98.6913375854
298.83291626  98.4416503906
293.834106445  98.3333358765
291.194793701  94.0866699219
290.64553833  89.11693573
290.160064697  84.1405563354
289.674560547  79.1641845703
289.38671875  74.1724777222
289.565155029  69.1756668091
290.389831543  64.244140625
292.025390625  59.5192146301
295.627593994  56.0516204834
