301.0  50.0
305.988922119  49.6674041748
310.977844238  49.3348083496
315.966766357  49.0022163391
320.955688477  48.6696205139
325.944641113  48.3370246887
330.933563232  48.0044288635
335.922302246  47.6693954468
340.911071777  47.3343315125
345.899841309  46.9992637634
350.88861084  46.6641998291
355.877349854  46.3291320801
360.866119385  45.9940643311
365.854888916  45.6590003967
370.84362793  45.3239326477
375.833068848  44.9987754822
380.83291626  44.9620132446
385.832794189  44.9252510071
390.832641602  44.8884849548
395.832519531  44.8517227173
400.832366943  44.8149604797
405.832244873  44.7781944275
410.832122803  44.7414321899
415.831970215  44.7046661377
420.831848145  44.6679039001
425.831848145  44.6666679382
430.831848145  44.6666679382
435.831848145  44.6666679382
440.831848145  44.6666679382
445.831848145  44.6666679382
450.831848145  44.6666679382
455.831848145  44.6666679382
460.831848145  44.6666679382
465.821380615  44.9898109436
470.806335449  45.3775291443
475.791290283  45.765247345
480.7762146  46.1529655457
485.761169434  46.5406837463
490.746124268  46.9283981323
495.720458984  47.4343299866
500.691986084  47.966999054
505.663543701  48.4996643066
510.635070801  49.0323295593
515.606628418  49.564994812
520.582458496  50.0560684204
525.573120117  50.361618042
530.563781738  50.6671676636
535.554443359  50.9727210999
540.547302246  51.2393302917
545.540405273  51.5021247864
550.505615234  52.0910339355
553.455444336  56.1281471252
554.107727051  61.0854187012
554.714355469  66.0484848022
555.046936035  71.0374069214
555.307495117  76.0306167603
555.122436523  81.0271911621
554.398254395  85.9744644165
552.676940918  90.6688461304
550.711364746  95.2662734985
547.937866211  99.4265289307
543.182678223  100.97190094
538.230224609  101.659957886
533.230834961  101.583045959
528.231384277  101.506126404
523.231994629  101.429214478
518.23260498  101.352302551
513.233032227  101.284416199
508.23348999  101.219482422
503.233917236  101.154556274
498.234313965  101.089622498
493.234741211  101.02469635
488.234802246  101.046951294
483.23538208  101.122695923
478.235931396  101.198448181
473.23651123  101.27419281
468.237091064  101.349945068
463.237670898  101.425697327
458.238250732  101.501441956
453.238800049  101.577194214
448.239379883  101.652946472
443.239593506  101.69744873
438.239715576  101.735046387
433.239868164  101.772636414
428.240020752  101.81022644
423.240142822  101.847824097
418.24029541  101.885414124
413.24041748  101.92300415
408.240570068  101.960594177
403.240722656  101.998191833
398.240875244  101.958251953
393.24105835  101.914398193
388.241271973  101.870536804
383.241455078  101.826683044
378.241638184  101.782821655
373.241821289  101.738967896
368.242034912  101.695106506
363.242218018  101.652023315
358.242401123  101.610359192
353.242553711  101.568695068
348.242736816  101.527023315
343.242919922  101.485359192
338.24307251  101.443695068
333.243255615  101.402030945
328.243438721  101.360366821
323.244232178  101.270629883
318.247406006  101.092170715
313.250610352  100.913719177
308.25378418  100.73526001
303.25390625  100.769317627
298.25668335  100.935890198
295.543701172  96.7359313965
294.638427734  91.8185577393
293.869903564  86.8779754639
293.101379395  81.9373931885
292.333007812  76.9967880249
291.818511963  72.0233230591
291.431671143  67.0383148193
293.012817383  62.2948913574
294.487945557  57.51745224
295.887969971  52.7174530029
300.283508301  50.3343582153
