291.0  58.6666679382
295.864044189  57.5085639954
300.728057861  56.3504638672
305.609924316  55.2699661255
310.5831604  54.7532691956
315.556365967  54.2365684509
320.529602051  53.7198677063
325.502838135  53.2031669617
330.476074219  52.6864700317
335.459472656  52.2793693542
340.443237305  51.8766403198
345.426971436  51.4739151001
350.410736084  51.0711860657
355.394500732  50.6684570312
360.378234863  50.2657318115
365.36340332  49.8809280396
370.351135254  49.5309143066
375.338897705  49.180896759
380.326629639  48.8308792114
385.314361572  48.4808654785
390.302093506  48.1308479309
395.289825439  47.780834198
400.277557373  47.4308166504
405.276611328  47.3333358765
410.276611328  47.3333358765
415.276611328  47.3333358765
420.276611328  47.3333358765
425.276611328  47.3333358765
430.276611328  47.3333358765
435.276611328  47.3333358765
440.27645874  47.3704681396
445.272583008  47.5671653748
450.268737793  47.7638626099
455.264862061  47.960559845
460.260986328  48.1572570801
465.257110596  48.3539543152
470.253234863  48.5506515503
475.249359131  48.7473487854
480.245513916  48.9440460205
485.242736816  49.1105995178
490.240325928  49.2651634216
495.237945557  49.4197311401
500.235565186  49.5742950439
505.233154297  49.7288589478
510.230773926  49.8834266663
515.22454834  50.1323852539
520.195617676  50.66979599
525.166625977  51.2072029114
530.137695312  51.7446136475
535.108703613  52.2820243835
540.076293945  52.850528717
545.034301758  53.4972267151
549.99230957  54.1439247131
554.887939453  55.1599845886
557.529602051  59.4051818848
558.379150391  64.3324890137
559.032165527  69.2896575928
559.584289551  74.2590789795
559.519836426  79.2586593628
559.34753418  84.2556915283
558.786499023  89.2241134644
557.916015625  94.1477584839
553.931030273  97.1677246094
548.996398926  97.9733810425
544.061706543  98.779045105
539.102172852  99.4135665894
534.108703613  99.6696395874
529.11529541  99.9257202148
524.121826172  100.181793213
519.128417969  100.437866211
514.133605957  100.666671753
509.133636475  100.666671753
504.133636475  100.666671753
499.133636475  100.666671753
494.133636475  100.666671753
489.133636475  100.666671753
484.133728027  100.698791504
479.13394165  100.744239807
474.134155273  100.78969574
469.134368896  100.835144043
464.134552002  100.880599976
459.134765625  100.926048279
454.134979248  100.971504211
449.135284424  101.02722168
444.135803223  101.100204468
439.136352539  101.173194885
434.136871338  101.246177673
429.137420654  101.319168091
424.137939453  101.392150879
419.13848877  101.465133667
414.139007568  101.538124084
409.139556885  101.611106873
404.139862061  101.666671753
399.139862061  101.666671753
394.139862061  101.666671753
389.139862061  101.666671753
384.139862061  101.666671753
379.139862061  101.666671753
374.139862061  101.666671753
369.139862061  101.666671753
364.139862061  101.666671753
359.140441895  101.590171814
354.143493652  101.415863037
349.146514893  101.241546631
344.14956665  101.067237854
339.152587891  100.892929077
334.155639648  100.718612671
329.167724609  100.370986938
324.18548584  99.9499511719
319.20324707  99.5289154053
314.221008301  99.1078872681
309.238769531  98.6868515015
304.238800049  98.6666717529
299.238800049  98.6666717529
294.238861084  98.6477737427
289.3359375  97.6671905518
287.933685303  92.8678512573
287.119445801  87.9345932007
287.463470459  82.9464416504
287.666656494  77.9505767822
287.666656494  72.9505767822
288.30581665  67.9915924072
289.337768555  63.0992507935
