289.666656494  61.0
294.612304688  60.2648353577
299.557983398  59.5296707153
304.503631592  58.794506073
309.449279785  58.0593414307
314.394866943  57.3236236572
319.333679199  56.5438079834
324.272491455  55.7639961243
329.211303711  54.9841842651
334.150115967  54.2043685913
339.088928223  53.4245567322
344.027740479  52.644744873
348.995574951  52.0783920288
353.97756958  51.6543960571
358.959564209  51.2303962708
363.941558838  50.8063964844
368.923522949  50.382396698
373.905517578  49.9583969116
378.891204834  49.5801200867
383.883483887  49.3027687073
388.875793457  49.0254211426
393.868103027  48.7480697632
398.860412598  48.4707183838
403.85269165  48.1933708191
408.849761963  48.0221366882
413.849243164  48.095123291
418.848693848  48.1681060791
423.848175049  48.2410926819
428.847625732  48.3140792847
433.847106934  48.3870620728
438.846588135  48.4600486755
443.846038818  48.5330314636
448.84552002  48.6060180664
453.844512939  48.7050552368
458.839355469  48.932094574
463.834197998  49.1591339111
468.829040527  49.3861694336
473.823883057  49.6132087708
478.818756104  49.8402481079
483.813598633  50.0672836304
488.808441162  50.2943229675
493.803283691  50.5213623047
498.800506592  50.6876029968
503.800170898  50.7457389832
508.799835205  50.8038749695
513.799499512  50.8620109558
518.799133301  50.9201469421
523.798828125  50.9782791138
528.788635254  51.297328949
533.766113281  51.7713737488
538.743591309  52.2454223633
543.721069336  52.7194671631
548.69354248  53.2432289124
553.657958984  53.8389511108
556.504577637  57.9495162964
558.196166992  62.6546783447
559.720031738  67.4167861938
560.333374023  72.3790283203
560.333374023  77.3790283203
560.145019531  82.3754806519
559.49987793  87.3336868286
557.744262695  92.0153274536
555.015441895  96.2050476074
550.340759277  97.9790878296
545.416870117  98.8480148315
540.440429688  99.3333358765
535.440429688  99.3333358765
530.440429688  99.3333358765
525.440429688  99.3333358765
520.440612793  99.3690490723
515.441467285  99.4633712769
510.442352295  99.5576934814
505.443267822  99.652015686
500.444152832  99.7463378906
495.445037842  99.8406600952
490.445922852  99.9349822998
485.447296143  100.052101135
480.45010376  100.219795227
475.452911377  100.387489319
470.455718994  100.555175781
465.458557129  100.722869873
460.461364746  100.890563965
455.464172363  101.058250427
450.46697998  101.225944519
445.469787598  101.393630981
440.472625732  101.561325073
435.473236084  101.639907837
430.473754883  101.567970276
425.474273682  101.496040344
420.47479248  101.424102783
415.475311279  101.352165222
410.475830078  101.280227661
405.476318359  101.208297729
400.476837158  101.136360168
395.477355957  101.064422607
390.477783203  101.0
385.477783203  101.0
380.477783203  101.0
375.477783203  101.0
370.477783203  101.0
365.477783203  101.0
360.477783203  101.0
355.477783203  101.0
350.477783203  101.0
345.477783203  101.0
340.477783203  101.0
335.477783203  101.0
330.477783203  101.0
325.478393555  100.921295166
320.485076904  100.663024902
315.491760254  100.404747009
310.498413086  100.146469116
305.508209229  99.8339691162
300.522918701  99.4504852295
295.537658691  99.0670013428
290.552398682  98.6835174561
288.786956787  94.005569458
286.062011719  89.8133544922
285.059783936  84.9148330688
285.725585938  79.9593582153
286.140838623  74.9766311646
287.509399414  70.1675720215
289.17199707  65.4520874023
