36.375  109.375
41.3671340942  109.094619751
46.3656158447  108.971511841
51.3385696411  109.490890503
55.3482093811  112.477996826
57.8830795288  116.78780365
57.8488807678  121.78768158
56.1946792603  126.506118774
53.6888580322  130.832885742
52.3101425171  135.639038086
48.6152648926  139.00769043
43.6162643433  139.107681274
38.619178772  139.278411865
34.100189209  137.13861084
33.6032829285  132.163360596
33.5102577209  127.164230347
33.9712486267  122.185531616
33.3358650208  117.226066589
34.9440841675  112.491760254
