300  412
304  412
309  411
314  411
319  411
324  411
329  411
334  411
339  411
344  411
349  411
354  411
359  411
364  411
369  411
374  411
379  411
384  411
389  411
394  411
399  411
404  411
409  411
414  411
419  411
424  411
429  411
434  411
439  411
444  411
449  410
454  410
459  410
464  410
469  410
474  410
479  410
484  410
489  410
494  410
499  411
504  411
509  411
514  411
519  411
524  411
529  412
534  412
539  412
544  412
549  412
554  413
558  416
559  421
560  426
561  431
561  436
561  441
561  446
561  451
561  456
558  460
553  460
548  461
543  461
538  461
533  461
528  461
523  461
518  461
513  461
508  461
503  461
498  462
493  462
488  462
483  462
478  462
473  462
468  463
463  463
458  463
453  463
448  463
443  463
438  463
433  463
428  463
423  463
418  463
413  464
408  464
403  464
398  464
393  464
388  464
383  464
378  464
373  464
368  464
363  464
358  464
353  464
348  464
343  464
338  464
333  464
328  464
323  464
318  464
313  464
308  464
303  464
300  460
298  455
297  450
297  445
296  440
296  435
296  430
296  425
297  420
298  415
