302  413
306  412
311  412
316  412
321  412
326  411
331  411
336  411
341  411
346  411
351  411
356  411
361  411
366  411
371  411
376  411
381  411
386  411
391  410
396  410
401  410
406  410
411  410
416  410
421  410
426  410
431  410
436  410
441  410
446  410
451  410
456  410
461  410
466  410
471  410
476  410
481  410
486  410
491  410
496  410
501  410
506  410
511  410
516  410
521  411
526  411
531  411
536  411
541  411
546  411
551  411
556  412
561  413
564  417
564  422
565  427
565  432
565  437
566  442
566  447
566  452
566  457
562  459
557  459
552  459
547  459
542  459
537  459
532  459
527  460
522  460
517  460
512  460
507  460
502  460
497  460
492  460
487  460
482  460
477  460
472  461
467  461
462  461
457  461
452  461
447  461
442  461
437  461
432  462
427  462
422  462
417  462
412  462
407  462
402  462
397  462
392  462
387  462
382  462
377  462
372  462
367  462
362  462
357  462
352  461
347  461
342  461
337  461
332  461
327  460
322  460
317  460
312  460
307  459
302  457
300  453
300  448
300  443
301  438
301  433
301  428
301  423
301  418
301  413
