297  414
301  413
306  413
311  413
316  413
321  413
326  413
331  413
336  413
341  413
346  413
351  413
356  413
361  413
366  413
371  413
376  413
381  413
386  413
391  413
396  413
401  413
406  413
411  412
416  412
421  412
426  412
431  412
436  412
441  412
446  412
451  412
456  412
461  412
466  412
471  412
476  412
481  412
486  412
491  412
496  412
501  412
506  412
511  413
516  413
521  413
526  413
531  413
536  413
541  413
546  413
551  413
556  413
561  416
563  420
565  425
566  430
567  435
567  440
566  445
566  450
565  455
560  456
555  457
550  457
545  458
540  458
535  458
530  459
525  459
520  459
515  459
510  460
505  460
500  460
495  460
490  460
485  460
480  460
475  460
470  460
465  460
460  460
455  460
450  460
445  460
440  460
435  460
430  460
425  461
420  461
415  461
410  461
405  461
400  461
395  461
390  461
385  461
380  461
375  461
370  461
365  461
360  461
355  461
350  461
345  461
340  461
335  461
330  460
325  460
320  460
315  460
310  460
305  460
300  460
296  460
291  458
290  453
290  448
289  443
289  438
288  433
289  428
289  423
289  418
293  414
