302  411
307  411
312  411
317  411
322  411
327  410
332  410
337  410
342  410
347  410
352  409
357  409
362  409
367  409
372  409
377  409
382  409
387  409
392  408
397  408
402  408
407  408
412  408
417  408
422  408
427  408
432  408
437  408
442  408
447  408
452  408
457  408
462  408
467  408
472  408
477  408
482  408
487  408
492  408
497  408
502  408
507  408
512  408
517  408
522  409
527  409
532  409
537  409
542  409
547  409
552  410
557  410
561  412
563  417
564  422
565  427
565  432
565  437
565  442
566  447
566  452
562  455
557  456
552  456
547  456
542  456
537  456
532  456
527  457
522  457
517  457
512  457
507  457
502  457
497  457
492  458
487  458
482  458
477  458
472  458
467  458
462  458
457  459
452  459
447  459
442  459
437  459
432  459
427  459
422  459
417  459
412  459
407  459
402  459
397  459
392  459
387  459
382  459
377  459
372  459
367  460
362  460
357  460
352  460
347  460
342  460
337  460
332  460
327  460
322  460
317  460
312  460
307  460
304  456
302  452
301  447
300  442
300  437
299  432
299  427
298  422
298  417
300  412
