299  411
303  411
308  411
313  411
318  411
323  411
328  411
333  411
338  410
343  410
348  410
353  410
358  410
363  410
368  410
373  410
378  410
383  410
388  410
393  410
398  410
403  409
408  409
413  409
418  409
423  409
428  409
433  409
438  409
443  409
448  409
453  409
458  409
463  409
468  409
473  409
478  409
483  409
488  409
493  409
498  409
503  409
508  409
513  409
518  409
523  409
528  410
533  410
538  410
543  410
548  411
553  411
557  415
558  420
558  425
559  430
559  435
559  440
559  445
559  450
559  455
559  460
554  461
549  461
544  461
539  461
534  461
529  461
524  461
519  461
514  461
509  461
504  461
499  461
494  462
489  462
484  462
479  462
474  462
469  462
464  463
459  463
454  463
449  463
444  463
439  463
434  463
429  463
424  463
419  463
414  464
409  464
404  464
399  464
394  464
389  464
384  464
379  464
374  464
369  464
364  464
359  464
354  464
349  464
344  464
339  464
334  464
329  464
324  464
319  464
314  464
309  464
304  464
300  462
298  457
297  452
296  447
296  442
296  437
296  432
296  427
297  422
297  417
298  412
