304  410
309  409
314  409
319  409
324  409
329  409
334  409
339  409
344  409
349  409
354  409
359  409
364  409
369  409
374  409
379  409
384  409
389  409
394  409
399  409
404  409
409  409
414  409
419  409
424  409
429  409
434  409
439  409
444  409
449  409
454  409
459  409
464  409
469  409
474  409
479  409
484  409
489  409
494  409
499  409
504  409
509  410
514  410
519  410
524  410
529  410
534  411
539  411
544  411
549  411
554  412
559  413
561  418
562  423
563  427
563  432
564  437
564  442
564  447
564  452
564  457
560  460
555  460
550  461
545  461
540  461
535  461
530  461
525  461
520  462
515  462
510  462
505  462
500  462
495  462
490  462
485  462
480  462
475  462
470  462
465  462
460  463
455  463
450  463
445  463
440  463
435  463
430  463
425  463
420  463
415  463
410  463
405  464
400  464
395  464
390  464
385  464
380  464
375  464
370  464
365  464
360  464
355  464
350  463
345  463
340  463
335  463
330  463
325  462
320  463
315  463
310  463
306  460
304  456
303  451
302  446
302  441
302  436
302  431
302  426
302  421
302  416
303  411
