300  411
304  411
309  411
314  411
319  410
324  410
329  410
334  410
339  410
344  410
349  410
354  410
359  410
364  410
369  410
374  410
379  410
384  410
389  410
394  410
399  410
404  410
409  410
414  410
419  410
424  410
429  410
434  410
439  410
444  410
449  411
454  411
459  411
464  411
469  411
474  411
479  411
484  411
489  411
494  411
499  411
504  411
509  412
514  412
519  412
524  412
529  412
534  412
539  412
544  412
549  412
554  412
559  412
564  415
567  419
568  424
568  429
569  434
569  439
570  444
571  449
569  453
565  456
560  456
555  457
550  457
545  457
540  457
535  458
530  458
525  458
520  458
515  458
510  458
505  458
500  458
495  458
490  458
485  458
480  458
475  458
470  458
465  458
460  458
455  458
450  458
445  458
440  458
435  458
430  458
425  458
420  458
415  458
410  458
405  458
400  458
395  458
390  458
385  458
380  458
375  458
370  458
365  458
360  458
355  458
350  458
345  458
340  458
335  457
330  457
325  457
320  457
315  457
310  456
305  456
300  456
296  454
293  450
292  445
293  440
293  435
293  430
294  425
294  420
294  415
297  412
