293  414
297  413
302  413
307  413
312  412
317  412
322  412
327  412
332  412
337  412
342  412
347  412
352  412
357  412
362  412
367  412
372  412
377  412
382  412
387  412
392  412
397  412
402  412
407  412
412  412
417  412
422  412
427  412
432  412
437  412
442  412
447  412
452  412
457  412
462  412
467  412
472  412
477  412
482  412
487  412
492  412
497  412
502  412
507  412
512  412
517  412
522  412
527  412
532  412
537  412
542  412
547  412
552  412
557  414
560  418
561  423
561  428
562  433
562  438
562  443
562  448
562  453
559  457
554  458
549  458
544  458
539  459
534  459
529  459
524  459
519  459
514  460
509  460
504  460
499  460
494  460
489  461
484  461
479  461
474  461
469  461
464  462
459  462
454  462
449  462
444  462
439  462
434  463
429  463
424  463
419  463
414  463
409  463
404  463
399  463
394  463
389  463
384  464
379  464
374  464
369  464
364  464
359  464
354  464
349  464
344  464
339  464
334  464
329  464
324  463
319  463
314  463
309  463
304  463
299  462
294  461
294  456
293  451
293  446
293  441
293  436
293  431
293  426
293  421
293  416
