294  414
298  414
303  413
308  413
313  413
318  413
323  413
328  413
333  413
338  412
343  412
348  412
353  412
358  412
363  411
368  411
373  411
378  411
383  411
388  411
393  411
398  411
403  411
408  411
413  411
418  412
423  412
428  412
433  412
438  412
443  412
448  412
453  412
458  412
463  412
468  412
473  412
478  412
483  412
488  412
493  412
498  412
503  412
508  412
513  412
518  412
523  412
528  412
533  412
538  412
543  413
548  413
553  414
558  414
562  418
564  422
566  427
567  432
567  437
567  442
567  447
566  452
564  456
560  457
555  458
550  458
545  459
540  459
535  459
530  459
525  459
520  460
515  460
510  460
505  460
500  460
495  460
490  460
485  460
480  460
475  460
470  460
465  460
460  460
455  460
450  460
445  460
440  460
435  460
430  461
425  461
420  461
415  461
410  461
405  461
400  461
395  461
390  461
385  461
380  461
375  461
370  461
365  461
360  461
355  461
350  461
345  461
340  461
335  461
330  460
325  460
320  460
315  460
310  460
305  460
300  460
295  460
291  456
290  451
288  447
288  442
288  437
288  432
288  427
288  422
289  417
