299  410
304  410
309  410
314  409
319  409
324  409
329  409
334  408
339  408
344  408
349  408
354  408
359  408
364  408
369  408
374  408
379  408
384  408
389  408
394  407
399  407
404  407
409  407
414  407
419  407
424  407
429  407
434  407
439  407
444  407
449  407
454  407
459  407
464  407
469  407
474  407
479  407
484  407
489  407
494  407
499  407
504  407
509  407
514  408
519  408
524  408
529  408
534  408
539  409
544  409
549  409
554  410
559  411
561  415
562  420
562  425
562  430
563  435
563  440
563  445
563  450
563  455
558  457
553  458
548  458
543  458
538  459
533  459
528  459
523  459
518  459
513  459
508  459
503  460
498  460
493  460
488  460
483  460
478  460
473  460
468  460
463  460
458  460
453  460
448  460
443  460
438  460
433  460
428  460
423  460
418  460
413  460
408  460
403  460
398  460
393  460
388  460
383  460
378  460
373  460
368  460
363  460
358  459
353  459
348  459
343  459
338  459
333  459
328  459
323  459
318  459
313  458
308  458
303  457
300  453
299  449
298  444
297  439
296  434
296  429
296  424
296  419
296  414
