306  409
311  409
316  409
321  409
326  410
331  410
336  410
341  410
346  410
351  410
356  410
361  410
366  410
371  410
376  410
381  410
386  410
391  410
396  410
401  410
406  410
411  410
416  410
421  410
426  410
431  410
436  410
441  410
446  410
451  410
456  410
461  410
466  410
471  410
476  410
481  410
486  410
491  410
496  410
501  410
506  410
511  411
516  411
521  411
526  411
531  411
536  411
541  412
546  412
551  412
556  412
561  414
561  419
562  424
562  429
563  434
563  439
563  444
564  449
565  454
564  459
559  461
554  461
549  461
544  461
539  461
534  461
529  461
524  461
519  461
514  461
509  461
504  462
499  462
494  462
489  462
484  462
479  462
474  462
469  462
464  463
459  463
454  463
449  463
444  463
439  463
434  463
429  463
424  463
419  463
414  463
409  463
404  463
399  464
394  464
389  464
384  464
379  464
374  463
369  463
364  463
359  463
354  463
349  463
344  463
339  463
334  463
329  462
324  462
319  462
314  462
309  462
305  459
303  455
302  450
302  445
302  440
302  435
301  430
301  425
302  420
302  415
304  410
