292  411
297  411
302  411
307  411
312  410
317  410
322  410
327  410
332  410
337  409
342  409
347  409
352  409
357  409
362  409
367  409
372  409
377  409
382  409
387  409
392  409
397  409
402  409
407  409
412  409
417  409
422  409
427  409
432  409
437  409
442  409
447  409
452  409
457  408
462  408
467  408
472  408
477  408
482  408
487  408
492  408
497  408
502  408
507  408
512  408
517  408
522  409
527  409
532  409
537  409
542  410
547  410
552  410
557  411
562  411
565  415
566  420
567  425
568  430
567  435
568  440
568  445
567  450
564  453
559  455
554  455
549  455
544  455
539  455
534  455
529  455
524  455
519  455
514  456
509  456
504  456
499  456
494  456
489  456
484  456
479  456
474  456
469  456
464  456
459  456
454  456
449  457
444  457
439  457
434  457
429  457
424  457
419  457
414  457
409  457
404  457
399  457
394  457
389  457
384  457
379  458
374  458
369  458
364  458
359  458
354  458
349  458
344  458
339  457
334  457
329  457
324  457
319  457
314  457
309  457
304  457
299  457
295  454
292  450
292  445
292  440
292  435
292  430
291  425
291  420
291  415
