302  410
307  410
312  410
317  410
322  410
327  410
332  410
337  410
342  410
347  410
352  410
357  410
362  410
367  410
372  410
377  410
382  410
387  410
392  410
397  409
402  409
407  409
412  409
417  409
422  409
427  409
432  409
437  409
442  409
447  409
452  409
457  409
462  408
467  408
472  408
477  408
482  408
487  408
492  408
497  409
502  409
507  409
512  409
517  409
522  409
527  409
532  409
537  409
542  409
547  410
552  410
557  411
560  415
562  420
563  425
563  430
564  435
565  440
565  445
565  450
565  455
563  459
558  460
553  460
548  460
543  460
538  460
533  460
528  461
523  461
518  461
513  461
508  462
503  462
498  462
493  462
488  462
483  462
478  462
473  462
468  462
463  462
458  462
453  462
448  463
443  463
438  463
433  463
428  463
423  463
418  463
413  463
408  463
403  463
398  463
393  463
388  463
383  463
378  463
373  463
368  463
363  463
358  463
353  463
348  463
343  463
338  463
333  463
328  463
323  463
318  463
313  462
308  461
304  459
302  454
301  450
301  445
301  440
301  435
301  430
301  425
300  420
301  415
