301  412
306  412
311  411
316  411
321  410
326  410
331  410
336  410
341  410
346  410
351  410
356  410
361  410
366  410
371  410
376  410
381  410
386  410
391  410
396  410
401  410
406  410
411  410
416  410
421  410
426  410
431  410
436  410
441  410
446  410
451  410
456  410
461  410
466  410
471  410
476  410
481  410
486  411
491  411
496  411
501  411
506  411
511  411
516  411
521  411
526  411
531  411
536  411
541  411
546  411
551  412
556  412
561  413
562  418
562  423
563  428
563  433
564  438
564  443
565  448
565  453
564  458
559  458
554  459
549  459
544  459
539  459
534  460
529  460
524  460
519  460
514  461
509  461
504  461
499  461
494  462
489  462
484  462
479  462
474  462
469  462
464  462
459  462
454  462
449  462
444  462
439  462
434  462
429  462
424  462
419  462
414  462
409  462
404  463
399  463
394  463
389  463
384  463
379  463
374  463
369  463
364  463
359  463
354  462
349  462
344  462
339  462
334  462
329  462
324  462
319  462
314  462
309  462
304  461
301  456
301  451
300  446
300  441
300  436
300  431
300  426
300  421
300  416
