301  412
305  411
310  411
315  411
320  411
325  410
330  410
335  410
340  410
345  410
350  410
355  410
360  410
365  410
370  410
375  410
380  410
385  410
390  410
395  410
400  410
405  410
410  410
415  410
420  410
425  410
430  410
435  410
440  410
445  410
450  410
455  410
460  410
465  410
470  410
475  411
480  411
485  411
490  411
495  411
500  411
505  411
510  411
515  411
520  411
525  411
530  412
535  412
540  412
545  412
550  412
555  412
560  412
565  414
566  419
566  424
566  429
567  434
567  439
567  444
568  448
568  453
565  458
560  458
555  459
550  459
545  459
540  459
535  459
530  459
525  459
520  459
515  459
510  459
505  459
500  459
495  459
490  459
485  459
480  459
475  459
470  459
465  459
460  459
455  459
450  459
445  459
440  459
435  459
430  459
425  459
420  460
415  460
410  460
405  460
400  460
395  459
390  459
385  459
380  459
375  459
370  459
365  458
360  458
355  458
350  458
345  458
340  458
335  458
330  457
325  457
320  457
315  457
310  457
305  457
300  457
298  452
298  447
297  442
297  437
297  432
297  427
297  422
298  417
300  413
