298  412
303  412
308  412
313  412
318  412
323  412
328  412
333  412
338  412
343  412
348  412
353  412
358  412
363  412
368  411
373  411
378  411
383  411
388  411
393  410
398  410
403  410
408  410
413  410
418  410
423  410
428  410
433  410
438  410
443  410
448  410
453  410
458  410
463  411
468  411
473  411
478  411
483  411
488  411
493  411
498  411
503  411
508  411
513  411
518  411
523  411
528  411
533  411
538  411
543  411
548  411
553  411
556  415
557  420
558  425
559  430
560  435
560  440
560  445
560  450
560  455
558  460
553  460
548  460
543  461
538  461
533  462
528  462
523  462
518  462
513  462
508  462
503  462
498  462
493  462
488  462
483  462
478  462
473  462
468  462
463  462
458  462
453  462
448  462
443  462
438  462
433  463
428  463
423  463
418  463
413  463
408  463
403  463
398  463
393  464
388  464
383  464
378  464
373  464
368  464
363  464
358  464
353  464
348  464
343  464
338  464
333  463
328  463
323  463
318  463
313  463
308  463
303  463
298  462
296  457
296  452
296  447
296  442
296  437
296  432
295  427
295  422
295  417
297  413
