306  410
311  410
316  410
321  410
326  410
331  409
336  409
341  409
346  409
351  409
356  409
361  409
366  409
371  409
376  409
381  409
386  409
391  409
396  409
401  409
406  409
411  409
416  409
421  409
426  409
431  409
436  409
441  409
446  409
451  409
456  409
461  409
466  409
471  409
476  409
481  409
486  409
491  409
496  410
501  410
506  410
511  410
516  410
521  410
526  410
531  410
536  411
541  411
546  411
551  411
556  412
560  414
561  419
562  424
562  429
563  434
564  439
564  444
564  449
565  454
565  459
560  461
555  461
550  461
545  461
540  461
535  461
530  461
525  461
520  462
515  462
510  462
505  462
500  462
495  462
490  462
485  462
480  462
475  462
470  462
465  462
460  462
455  463
450  463
445  463
440  463
435  463
430  463
425  463
420  463
415  463
410  463
405  463
400  463
395  463
390  463
385  463
380  463
375  463
370  463
365  463
360  463
355  463
350  463
345  463
340  463
335  463
330  463
325  463
320  463
315  463
310  463
305  461
304  456
303  451
302  446
301  441
301  436
301  431
301  426
301  421
301  416
303  412
