299  411
304  411
309  411
314  410
319  410
324  410
329  410
334  410
339  410
344  410
349  410
354  410
359  410
364  410
369  410
374  410
379  410
384  410
389  410
394  410
399  410
404  410
409  410
414  410
419  410
424  410
429  410
434  410
439  410
444  410
449  410
454  410
459  410
464  410
469  410
474  410
479  410
484  410
489  410
494  410
499  410
504  410
509  410
514  410
519  410
524  411
529  411
534  411
539  411
544  411
549  411
554  411
559  411
564  413
566  417
568  422
570  426
571  431
571  436
571  441
571  446
570  451
567  455
562  455
557  456
552  456
547  456
542  456
537  456
532  456
527  456
522  456
517  456
512  456
507  457
502  457
497  457
492  457
487  457
482  457
477  457
472  457
467  457
462  457
457  457
452  457
447  457
442  458
437  458
432  458
427  458
422  458
417  458
412  458
407  458
402  458
397  458
392  458
387  458
382  458
377  457
372  457
367  457
362  457
357  457
352  457
347  457
342  457
337  457
332  457
327  457
322  457
317  457
312  457
307  457
302  457
297  456
292  455
292  450
294  445
292  440
292  435
291  430
292  425
293  420
294  416
297  412
