292  413
297  412
302  412
307  412
312  412
317  411
322  411
327  411
332  411
337  411
342  411
347  411
352  410
357  410
362  410
367  410
372  410
377  410
382  410
387  410
392  409
397  409
402  409
407  409
412  409
417  409
422  409
427  408
432  408
437  408
442  408
447  408
452  408
457  408
462  408
467  408
472  408
477  408
482  408
487  408
492  408
497  408
502  408
507  408
512  408
517  409
522  409
527  409
532  409
537  409
542  409
547  410
552  410
557  410
562  411
566  415
567  419
567  424
568  429
569  434
569  439
569  444
568  449
567  454
562  454
557  455
552  455
547  455
542  455
537  455
532  455
527  455
522  455
517  455
512  455
507  455
502  455
497  455
492  455
487  455
482  455
477  456
472  456
467  456
462  457
457  457
452  457
447  457
442  458
437  458
432  458
427  459
422  459
417  460
412  460
407  460
402  460
397  460
392  460
387  460
382  460
377  460
372  460
367  461
362  461
357  461
352  461
347  461
342  461
337  461
332  461
327  460
322  460
317  460
312  460
307  459
302  459
297  458
293  455
291  450
291  445
289  441
289  436
289  431
289  426
290  421
289  416
