299  411
303  411
308  411
313  411
318  411
323  411
328  411
333  411
338  410
343  410
348  410
353  410
358  410
363  410
368  410
373  410
378  410
383  410
388  410
393  410
398  410
403  409
408  409
413  409
418  409
423  409
428  409
433  409
438  409
443  409
448  409
453  409
458  409
463  409
468  409
473  409
478  409
483  409
488  409
493  409
498  409
503  409
508  409
513  409
518  409
523  409
528  410
533  410
538  410
543  410
548  411
553  411
557  415
558  420
558  425
559  430
560  434
561  439
561  444
561  449
561  454
559  459
554  461
549  461
544  461
539  461
534  461
529  461
524  461
519  461
514  461
509  461
504  461
499  461
494  462
489  462
484  462
479  462
474  462
469  462
464  463
460  463
455  463
450  463
445  463
440  463
435  463
430  463
425  463
420  463
415  464
410  464
405  464
400  464
395  464
390  464
385  464
380  464
375  464
370  464
365  463
360  463
355  463
350  463
345  463
340  463
335  464
330  464
325  464
320  465
315  465
310  465
305  464
300  464
298  459
297  455
296  450
296  445
296  440
296  435
296  430
297  425
297  420
298  415
