298  412
302  412
307  411
312  411
317  411
322  411
327  411
332  411
337  411
342  410
347  410
352  410
357  410
362  410
367  410
372  410
377  410
382  410
387  410
392  410
397  410
402  409
407  409
412  409
417  409
422  409
427  409
432  409
437  409
442  409
447  409
452  409
457  409
462  409
467  409
472  409
477  409
482  409
487  409
492  409
497  409
502  409
507  409
512  410
517  410
522  410
527  410
532  410
537  411
542  411
547  410
552  410
556  414
557  418
558  423
559  428
559  433
560  438
561  443
561  448
561  453
560  458
555  460
550  460
545  461
540  461
535  461
530  461
525  461
520  461
515  462
510  462
505  462
500  462
495  462
490  462
485  462
480  462
475  462
470  462
465  462
460  462
455  462
450  462
445  463
440  463
435  463
430  463
425  463
420  463
415  463
410  463
405  463
400  463
395  463
390  463
385  463
380  463
375  463
370  463
365  463
360  463
355  463
350  463
345  464
340  464
335  464
330  464
325  464
320  464
315  464
310  464
305  464
300  463
298  459
297  454
296  449
296  444
296  439
296  434
295  429
295  424
296  419
297  414
