299  410
304  410
309  410
314  410
319  409
324  409
329  409
334  409
339  409
344  408
349  408
354  408
359  408
364  408
369  408
374  407
379  407
384  407
389  407
394  407
399  407
404  407
409  407
414  407
419  407
424  407
429  407
434  407
439  407
444  407
449  407
454  407
459  407
464  407
469  407
474  407
479  407
484  407
489  407
494  407
499  407
504  407
509  408
514  408
519  408
524  409
529  408
534  408
539  408
544  408
549  408
554  409
558  411
560  415
561  420
561  425
562  430
562  435
563  440
563  445
563  450
563  455
558  458
553  458
548  458
543  458
538  458
533  458
528  458
523  458
518  458
513  458
508  458
503  458
498  458
493  458
488  458
483  458
478  458
473  458
468  459
463  459
458  459
453  459
448  459
443  459
438  459
433  459
428  459
423  460
418  460
413  460
408  460
403  460
398  460
393  460
388  460
383  460
378  460
373  460
368  460
363  460
358  461
353  461
348  461
343  461
338  461
333  461
328  461
323  460
319  460
314  460
309  460
304  457
303  452
301  447
300  443
299  438
299  433
298  428
298  423
298  418
298  413
