293  414
298  414
303  413
308  413
313  413
318  413
323  413
328  413
333  413
338  413
343  413
348  413
353  413
358  413
363  413
368  413
373  412
378  412
383  412
388  412
393  412
398  412
403  412
408  412
413  412
418  411
423  411
428  411
433  411
438  411
443  411
448  411
453  411
458  411
463  411
468  411
473  411
478  411
483  411
488  411
493  411
498  411
503  411
508  411
513  411
518  412
523  412
528  412
533  412
538  413
543  413
548  413
553  413
558  414
562  417
564  422
564  427
564  432
564  437
564  442
564  447
565  452
565  457
560  457
555  458
550  458
545  458
540  458
535  458
530  458
525  459
520  459
515  459
510  459
505  459
500  459
495  459
490  459
485  459
480  459
475  459
470  459
465  459
460  459
455  459
450  459
445  459
440  460
435  460
430  460
425  460
420  460
415  460
410  460
405  460
400  460
395  461
390  461
385  461
380  461
375  461
370  461
365  461
360  461
355  461
350  461
345  461
340  461
335  461
330  461
325  461
320  460
315  460
310  460
305  460
300  460
295  459
292  455
291  450
291  445
291  440
291  435
291  430
291  425
291  420
292  416
