297  411
302  411
307  410
312  410
317  410
322  410
327  409
332  409
337  409
342  409
347  409
352  409
357  409
362  409
367  409
372  409
377  409
382  409
387  409
392  409
397  409
402  408
407  408
412  408
417  408
422  408
427  408
432  408
437  408
442  408
447  408
452  408
457  408
462  408
467  408
472  408
477  408
482  408
487  409
492  409
497  409
502  409
507  409
512  409
517  409
522  409
527  409
532  409
537  409
542  409
547  409
552  410
557  410
561  412
563  417
563  422
563  427
563  432
563  437
563  442
563  447
563  452
561  456
556  458
551  458
546  458
541  458
536  458
531  458
526  459
521  459
516  459
511  459
506  459
501  459
496  459
491  459
486  459
481  459
476  459
471  460
466  460
461  460
456  460
451  460
446  460
441  460
436  460
431  460
426  460
421  460
416  460
411  460
406  460
401  460
396  460
391  460
386  460
381  460
376  460
371  460
366  459
361  459
356  459
351  459
346  459
341  458
336  458
331  458
326  458
321  458
316  457
311  457
306  457
301  456
298  453
296  448
296  443
295  438
295  433
295  428
295  423
295  418
295  414
