299  411
304  411
309  411
314  411
319  411
324  411
328  411
333  411
338  411
343  411
348  410
353  410
358  410
363  410
368  410
373  410
378  410
383  410
388  410
393  410
398  410
403  411
408  411
413  411
418  411
423  411
428  411
433  411
438  411
443  411
448  410
453  410
458  410
463  410
468  410
473  410
478  410
483  410
488  410
493  410
498  410
503  410
508  410
513  410
518  410
523  410
528  410
533  410
538  410
543  410
548  411
553  411
557  414
558  419
558  424
559  429
559  434
559  439
559  444
560  449
560  454
560  459
555  461
550  461
545  461
540  461
535  461
530  461
525  461
520  461
515  461
510  461
505  461
500  461
495  462
490  462
485  462
480  462
475  462
470  462
465  463
460  463
455  463
450  463
445  463
440  463
435  463
430  463
425  463
420  463
415  464
410  464
405  464
400  464
395  464
390  464
385  464
380  464
375  464
370  464
365  464
360  464
355  464
350  464
345  464
340  464
335  464
330  464
325  464
320  464
315  464
310  464
305  464
300  464
299  459
298  454
297  449
296  444
296  439
296  434
296  429
297  424
297  419
298  414
