294  414
299  413
304  413
309  413
314  413
319  412
324  412
329  412
334  412
339  412
344  411
349  411
354  411
359  411
364  411
369  411
374  411
379  411
384  411
389  411
394  411
399  411
404  411
409  411
414  411
419  411
424  410
429  410
434  410
439  410
444  410
449  410
454  410
459  410
464  410
469  410
474  410
479  410
484  410
489  410
494  410
499  410
504  411
509  411
514  411
519  411
524  411
529  411
534  411
539  412
544  412
549  412
554  412
559  413
561  417
562  422
563  427
563  432
563  437
563  442
564  447
564  452
562  456
557  458
552  458
547  459
542  459
537  459
532  459
527  460
522  460
517  460
512  460
507  460
502  460
497  460
492  460
487  460
482  461
477  461
472  461
467  461
462  461
457  461
452  461
447  462
442  462
437  462
432  462
427  462
422  463
417  463
412  463
407  463
402  463
397  463
392  463
387  463
382  463
377  463
372  463
367  463
362  463
357  463
352  463
347  463
342  463
337  462
332  462
327  461
322  461
317  461
312  460
307  460
302  460
297  460
296  455
295  450
295  445
294  440
294  435
294  430
294  425
294  420
294  415
