299  411
303  411
308  411
313  411
318  411
323  411
328  410
333  410
338  410
343  410
348  410
353  410
358  410
363  410
368  410
373  410
378  410
383  410
388  410
393  410
398  411
403  411
408  411
413  411
418  411
423  411
428  411
433  411
438  411
443  411
448  411
453  411
458  411
463  411
468  411
473  411
478  411
483  411
488  411
493  411
498  411
503  411
508  411
513  411
518  411
523  411
528  411
533  411
538  411
543  411
548  411
553  411
558  412
563  414
565  418
566  423
566  428
567  433
567  438
567  443
568  448
568  453
565  457
560  458
555  458
550  458
545  458
540  458
535  458
530  458
525  458
520  458
515  458
510  458
505  458
500  458
495  458
490  458
485  458
480  458
475  458
470  458
465  458
460  458
455  458
450  458
445  458
440  458
435  458
430  458
425  458
420  458
415  458
410  458
405  458
400  458
395  458
390  458
385  458
380  458
375  458
370  458
365  458
360  458
355  458
350  458
345  458
340  458
335  458
330  458
325  458
320  458
315  458
310  458
305  458
300  456
297  452
295  448
296  443
296  438
296  433
296  428
296  423
296  418
297  413
