11  232
16  232
21  232
26  232
31  232
36  232
41  233
46  233
51  233
56  233
61  233
66  233
71  233
76  233
81  233
86  233
91  233
96  233
101  233
106  233
111  233
116  233
121  233
126  233
131  233
136  233
141  233
146  233
151  233
156  233
161  233
166  233
171  233
176  233
181  233
186  233
191  233
196  233
201  233
206  233
211  233
216  233
221  233
226  233
231  233
236  233
241  233
246  232
251  232
256  232
261  234
262  238
263  243
264  248
264  253
264  258
264  263
264  268
263  273
262  278
259  282
254  282
249  283
244  283
239  283
234  283
229  284
224  284
219  284
214  284
209  284
204  284
199  284
194  284
189  284
184  284
179  285
174  285
169  285
164  285
159  285
154  285
149  285
144  285
139  286
134  286
129  286
124  286
119  286
114  286
109  286
104  286
99  286
94  286
89  286
84  286
79  286
74  286
69  286
64  286
59  286
54  286
49  286
44  286
39  286
34  286
29  286
24  286
19  286
14  285
10  283
9  278
9  273
8  268
7  263
7  258
7  253
7  248
7  243
9  238
10  233
