21  231
26  231
31  232
36  232
41  232
46  232
51  232
56  232
61  232
66  232
71  232
76  232
81  232
86  232
91  232
96  232
101  233
106  233
111  233
116  233
121  233
126  233
131  233
136  233
141  233
146  233
151  233
156  233
161  234
166  234
171  234
176  234
181  234
186  233
191  233
196  233
201  233
206  233
211  233
216  233
221  233
226  233
231  233
236  233
241  233
246  233
251  233
256  233
261  233
264  237
266  241
266  246
267  251
267  256
267  261
267  266
267  271
267  276
266  281
261  282
256  282
251  283
246  283
241  283
236  283
231  283
226  283
221  283
216  283
211  283
206  283
201  283
196  283
191  283
186  283
181  284
176  284
171  284
166  284
161  284
156  284
151  285
146  285
141  285
136  285
131  285
126  285
121  285
116  285
111  285
106  285
101  285
96  285
91  285
86  285
81  285
76  285
71  285
66  285
61  285
56  285
51  285
46  285
41  285
36  284
31  284
26  283
21  283
16  283
15  278
15  273
16  268
16  263
16  258
16  253
16  248
17  243
18  238
20  233
