11  231
16  231
21  231
26  231
31  231
36  231
41  231
46  231
51  232
56  232
61  232
66  232
71  232
76  232
81  232
86  232
91  233
96  233
101  233
106  233
111  233
116  232
121  232
126  232
131  232
136  232
141  232
146  232
151  232
156  232
161  232
166  232
171  232
176  232
181  232
186  232
191  232
196  232
201  232
206  232
211  232
216  232
221  232
226  232
231  232
236  232
241  232
246  232
251  232
256  232
259  236
261  241
261  246
261  251
261  256
261  261
261  266
261  271
261  276
260  281
255  282
250  283
245  283
240  284
235  284
230  284
225  284
220  284
215  284
210  284
205  284
200  284
196  284
191  284
186  284
181  284
176  284
171  284
166  284
161  284
156  285
151  285
146  285
141  285
136  285
131  285
126  285
121  285
116  285
111  285
106  285
101  285
96  285
91  286
86  286
81  286
76  286
71  286
66  286
61  286
56  286
51  286
46  286
41  286
36  286
31  286
26  286
21  286
16  286
11  286
6  283
6  278
5  273
5  268
4  263
4  258
4  253
4  248
5  243
7  238
9  234
