26  321
31  321
36  321
41  320
46  320
51  320
56  320
61  320
66  319
71  319
76  319
81  319
86  319
91  318
96  318
101  318
106  318
111  318
116  317
121  317
126  317
131  317
136  317
141  317
146  317
151  317
156  317
161  317
166  317
171  317
176  317
181  317
186  317
191  317
196  317
201  317
206  317
211  318
216  318
221  318
226  318
231  318
236  318
241  319
246  319
251  319
256  319
261  320
265  322
266  327
267  332
267  337
267  342
267  347
267  352
267  357
267  362
266  367
261  369
256  369
251  370
246  370
241  370
236  370
231  370
226  370
221  370
216  370
211  370
206  370
201  370
196  370
191  370
186  370
181  370
176  370
171  370
166  370
161  370
156  370
151  370
146  370
141  370
136  370
131  370
126  370
121  370
116  370
111  370
106  370
101  370
96  370
91  370
86  370
81  370
76  370
71  370
66  370
61  370
56  370
51  370
46  370
41  370
36  370
31  370
26  370
21  370
18  366
15  362
15  357
15  352
15  347
15  342
14  337
14  332
15  327
19  324
24  322
