26  325
31  325
36  325
41  324
46  324
51  324
56  324
61  323
66  323
71  323
76  322
81  322
86  322
91  322
96  322
101  322
106  321
111  321
116  321
121  321
126  321
131  321
136  321
141  321
146  321
151  321
156  321
161  321
166  321
171  321
176  321
181  321
186  321
191  321
196  321
201  321
206  321
211  321
216  321
221  321
226  321
231  321
236  321
241  321
246  321
251  321
256  321
261  321
266  321
271  321
276  322
279  326
278  331
278  336
281  340
281  345
281  350
281  355
280  360
278  364
274  367
269  367
264  367
259  367
254  367
249  367
244  367
239  368
234  368
229  368
224  369
219  369
214  370
209  370
204  370
199  370
194  370
189  370
184  370
179  370
174  371
169  371
164  371
159  371
154  371
149  371
144  370
139  370
134  370
129  370
124  370
119  370
114  370
109  370
104  370
99  370
94  370
89  370
84  369
79  369
74  369
69  369
64  369
59  368
54  368
49  368
44  368
39  367
34  367
29  367
24  367
21  363
20  358
20  353
20  348
20  343
19  338
19  333
20  328
25  326
