11  322
16  322
21  322
26  322
31  322
36  322
41  322
46  322
51  322
56  322
61  322
66  322
71  322
76  322
81  321
86  321
91  321
96  321
101  321
106  321
111  321
116  321
121  321
126  321
131  321
136  320
141  320
146  320
151  320
156  320
161  320
166  320
171  320
176  320
181  320
186  320
191  320
196  320
201  320
206  320
211  320
216  320
221  320
226  320
231  320
236  320
241  321
246  321
251  321
256  322
261  323
265  326
267  331
268  335
269  340
269  345
269  350
269  355
269  360
270  365
269  370
264  373
259  373
254  373
249  373
244  373
239  373
234  373
229  373
224  373
219  373
214  373
209  373
204  373
199  373
194  373
189  373
184  373
179  373
174  373
169  373
164  373
159  372
154  372
149  372
144  372
139  372
134  372
129  372
124  372
119  372
114  372
109  372
104  371
99  371
94  371
89  371
84  371
79  370
74  370
69  370
64  370
59  370
54  370
49  370
44  370
39  369
34  369
29  369
24  369
19  369
14  369
10  367
7  362
6  357
5  353
4  348
4  343
4  338
4  333
6  329
9  324
