18  315
23  315
28  314
33  314
38  314
43  314
48  314
53  314
58  314
63  314
68  314
73  314
78  314
83  314
88  314
93  314
98  315
103  315
108  315
113  315
118  315
123  316
128  316
133  316
138  316
143  316
148  316
153  317
158  317
163  317
168  317
173  317
178  317
183  317
188  318
193  318
198  318
203  318
208  318
213  318
218  318
223  318
228  318
233  318
238  318
243  318
248  319
253  319
258  319
263  319
267  322
269  326
270  331
271  336
272  341
272  346
272  351
273  356
273  361
270  365
266  369
261  370
256  370
251  370
246  371
241  371
236  371
231  371
226  372
221  372
216  372
211  372
206  371
201  371
196  371
191  371
186  371
181  371
176  371
171  371
166  371
161  371
156  371
151  371
146  371
141  371
136  371
131  371
126  371
121  371
116  371
111  371
106  371
101  370
96  370
91  370
86  370
81  370
76  370
71  370
66  370
61  370
56  370
51  370
46  370
41  371
36  371
31  371
26  370
21  370
18  366
17  361
16  356
16  351
16  346
16  341
16  336
16  331
17  326
17  321
18  316
