20  322
24  322
29  322
34  322
39  322
44  322
49  321
54  321
59  321
64  321
69  321
74  322
79  322
84  322
89  322
94  322
99  322
104  322
109  322
114  322
119  322
124  322
129  322
134  322
139  322
144  322
149  322
154  322
159  322
164  322
169  322
174  321
179  321
184  321
189  321
194  321
199  321
204  321
209  321
214  321
219  321
224  321
229  321
234  321
239  321
244  322
249  322
254  322
259  322
264  322
269  322
272  326
274  331
274  336
275  341
276  346
276  351
276  356
275  361
273  365
269  368
264  368
259  369
254  369
249  369
244  369
239  369
234  369
229  369
224  369
219  369
214  369
209  369
204  369
199  369
194  369
189  370
184  370
179  370
174  370
169  371
164  371
159  371
154  371
149  372
144  372
139  372
134  372
129  372
124  372
119  372
114  372
109  372
104  372
99  372
94  372
89  372
84  372
79  372
74  372
69  372
64  372
59  372
54  372
49  372
44  372
39  372
34  372
29  372
24  371
19  371
17  366
17  361
17  356
17  351
17  346
16  341
16  336
17  331
18  326
