16  325
21  324
26  324
31  324
36  324
41  323
46  323
51  323
56  323
61  323
66  322
71  322
76  322
81  322
86  321
91  321
96  321
101  321
106  321
111  321
116  320
121  320
126  320
131  320
136  320
141  320
146  320
151  320
156  320
161  320
166  320
171  320
176  320
181  320
186  320
191  320
196  320
201  320
206  320
211  320
216  320
221  320
226  320
231  320
236  320
241  320
246  320
251  320
256  320
261  320
266  320
271  323
274  327
275  331
276  336
277  341
277  346
276  351
276  356
275  361
273  366
268  366
263  366
258  366
253  367
248  367
243  367
238  367
233  368
228  368
223  368
218  368
213  368
208  369
203  369
198  369
193  369
188  369
183  370
178  370
173  370
168  370
163  370
158  370
153  370
148  369
143  369
138  369
133  369
128  369
123  369
118  368
113  368
108  368
103  368
98  368
93  368
88  368
83  368
78  368
73  368
68  368
63  368
58  368
53  368
48  368
43  368
38  368
33  368
28  368
23  368
18  368
14  364
13  359
13  354
12  349
12  344
12  339
12  334
12  329
15  325
