17  323
21  323
26  322
31  322
36  322
41  321
46  321
51  321
56  321
61  321
66  320
71  320
76  320
81  320
86  320
91  320
96  320
101  319
106  319
111  319
116  319
121  319
126  319
131  319
136  318
141  318
146  318
151  318
156  318
161  318
166  318
171  318
176  318
181  318
186  318
191  318
196  318
201  318
206  318
211  318
216  319
221  319
226  319
231  319
236  319
241  319
246  319
251  319
256  320
261  320
266  322
267  327
268  332
268  337
269  342
269  347
269  352
269  357
268  362
267  367
263  369
258  370
253  370
248  371
243  371
238  372
233  372
228  372
223  372
218  372
213  372
208  372
203  372
198  372
193  372
188  372
183  372
178  372
173  372
168  373
163  373
158  373
153  373
148  373
143  373
138  373
133  373
128  373
123  373
118  373
113  373
108  373
103  373
98  373
93  373
88  373
83  373
78  373
73  373
68  372
63  372
58  372
53  372
48  372
43  372
38  371
33  371
28  371
23  370
18  370
13  368
12  363
11  358
11  353
12  348
12  343
13  338
14  333
15  329
16  324
