11  323
16  323
21  323
26  323
31  323
36  323
41  323
46  323
51  323
56  323
61  323
66  323
71  323
76  323
81  323
86  323
91  323
96  323
101  323
106  323
111  323
116  323
121  323
126  323
131  323
136  323
141  323
146  323
151  323
156  323
161  322
166  322
171  322
176  322
181  322
186  322
191  322
196  322
201  322
206  322
211  322
216  322
221  322
226  322
231  322
236  322
241  322
246  322
251  322
256  323
261  323
265  325
269  329
270  334
271  339
272  344
272  349
272  354
271  359
271  364
270  368
265  370
260  371
255  371
250  371
245  372
240  372
235  372
230  372
225  373
220  373
215  373
210  373
205  373
200  373
195  372
190  372
185  372
180  372
175  372
170  372
165  372
160  372
155  372
150  371
145  371
140  371
135  371
130  371
125  371
120  371
115  371
110  371
105  371
100  371
95  371
90  371
85  371
80  371
75  371
70  371
65  371
60  371
55  371
50  371
45  371
40  371
35  371
30  371
25  371
20  371
15  371
10  371
7  368
5  363
4  358
3  353
3  348
2  343
2  338
4  333
6  329
9  325
