16  324
21  324
26  323
31  323
36  323
41  323
46  323
51  323
56  323
61  323
66  323
71  323
76  323
81  323
86  322
91  322
96  322
101  322
106  322
111  322
116  322
121  322
126  322
131  322
136  322
141  322
146  322
151  322
156  322
161  322
166  322
171  322
176  322
181  322
186  322
191  322
196  322
201  322
206  322
211  322
216  322
221  322
226  322
231  322
236  321
241  321
246  321
251  321
256  322
261  322
266  322
271  323
273  328
274  332
274  337
274  342
275  347
275  352
275  357
274  362
271  366
266  367
261  368
256  369
251  369
246  369
241  369
236  369
231  369
226  369
221  369
216  369
211  369
206  369
201  369
196  369
191  369
186  369
181  369
176  369
171  369
166  369
161  369
156  369
151  369
146  369
141  369
136  369
131  369
126  369
121  369
116  370
111  370
106  370
101  370
96  370
91  370
86  369
81  369
76  369
71  369
66  369
61  369
56  369
51  369
46  369
41  368
36  368
31  368
26  367
21  367
16  366
13  362
13  357
13  352
13  347
12  342
12  337
12  332
14  327
