16  321
21  321
26  321
31  321
36  321
41  321
46  320
51  320
56  320
61  320
66  320
71  320
76  320
81  320
86  320
91  320
96  319
101  319
106  319
111  319
116  319
121  319
126  319
131  319
136  319
141  319
146  319
151  319
156  319
161  319
166  319
171  319
176  319
181  319
186  319
191  319
196  319
201  319
206  319
211  319
216  319
221  319
226  319
231  319
236  319
241  319
246  319
251  319
256  320
261  320
266  321
271  322
272  326
274  331
275  336
276  341
276  346
276  351
275  356
274  361
273  366
268  367
263  367
258  367
253  367
248  367
243  367
238  367
233  367
228  367
223  367
218  367
213  367
208  367
203  367
198  367
193  367
188  367
183  367
178  367
173  367
168  367
163  367
158  367
153  367
148  367
143  368
138  368
133  368
128  368
123  368
118  368
113  368
108  368
103  368
98  368
93  368
88  368
83  368
78  368
73  368
68  368
63  368
58  368
53  368
48  368
43  367
38  367
33  367
28  367
23  366
18  366
15  363
14  358
13  353
13  348
13  343
13  338
13  333
12  328
14  323
