21  323
26  323
31  323
36  323
41  323
46  323
50  323
55  323
60  324
65  324
70  324
75  324
80  324
85  324
90  324
95  324
100  324
105  324
110  324
115  324
120  324
125  324
130  323
135  323
140  323
145  323
150  323
155  323
160  323
165  323
170  323
175  323
180  322
185  322
190  322
195  322
200  322
205  321
210  321
215  321
220  321
225  321
230  321
235  321
240  321
245  321
250  321
255  321
260  321
265  321
270  321
275  324
278  328
277  333
277  338
278  343
278  348
278  353
278  358
277  363
276  368
271  369
266  370
261  370
256  370
251  370
246  370
241  370
236  370
231  370
226  370
221  370
216  370
211  370
206  370
201  370
196  370
191  370
186  370
181  370
176  370
171  370
166  371
161  371
156  371
151  371
146  371
141  371
136  371
131  371
126  371
121  372
116  372
111  372
106  372
101  372
96  372
91  372
86  372
81  372
76  372
71  371
66  371
61  371
56  371
51  370
46  370
41  369
36  369
32  369
27  368
22  368
19  364
18  359
18  354
18  349
18  344
18  339
19  334
20  329
20  324
