16  323
21  322
26  322
31  321
36  321
41  321
46  321
51  321
56  321
61  321
66  321
71  321
76  321
81  321
86  321
91  321
96  321
101  320
106  320
111  320
116  320
121  320
126  320
131  320
136  320
141  320
146  320
151  320
156  320
161  320
166  320
171  320
176  320
181  320
186  320
191  320
196  320
201  320
206  320
211  320
216  320
221  320
226  320
231  320
236  320
241  320
246  320
251  321
256  321
261  321
265  323
267  328
267  333
268  338
268  343
268  348
268  353
268  358
268  363
267  368
263  370
258  370
253  370
248  371
243  371
238  371
233  371
228  372
223  372
218  372
213  372
208  372
203  372
198  372
193  372
188  372
183  372
178  372
173  372
168  372
163  372
158  372
153  372
148  372
143  372
138  372
133  372
128  372
123  372
118  372
113  372
108  372
103  372
98  372
93  372
88  372
83  372
78  372
73  372
68  372
63  371
58  371
53  371
48  371
43  371
38  371
33  371
28  370
23  370
18  369
14  365
13  360
13  355
13  350
13  345
13  340
13  335
13  330
15  326
