14  324
19  323
24  323
29  323
34  322
39  322
44  322
49  322
54  322
59  322
64  322
69  322
74  322
79  322
84  322
89  322
94  322
99  322
104  322
109  321
114  321
119  321
124  321
129  321
134  321
139  321
144  321
149  321
154  321
159  321
164  321
169  321
174  321
179  321
184  321
189  322
194  322
199  322
204  322
209  322
214  322
219  322
224  322
229  322
234  322
239  322
244  322
249  322
254  322
259  322
264  322
269  323
272  327
273  331
274  336
274  341
274  346
274  351
274  356
273  361
271  366
266  367
261  367
256  368
251  368
246  368
241  368
236  368
231  369
226  369
221  369
216  369
211  369
206  369
201  369
196  370
191  370
186  370
181  370
176  371
171  371
166  371
161  371
156  371
151  371
146  371
141  371
136  371
131  371
126  372
121  372
116  372
111  372
106  372
101  372
96  372
91  372
86  372
81  371
76  371
71  371
66  371
61  371
56  371
51  371
46  371
41  370
36  370
31  370
26  370
21  370
16  370
11  370
10  365
10  360
10  355
10  350
10  345
9  340
9  335
9  330
12  326
