23  326
28  326
33  326
38  325
43  325
48  325
53  324
58  324
63  324
68  324
73  324
78  324
83  324
88  324
93  324
98  324
103  323
108  323
113  323
118  323
123  323
128  323
133  323
138  322
143  322
148  322
153  322
158  322
163  322
168  322
173  322
178  322
183  322
188  322
193  322
198  322
203  322
208  321
213  321
218  321
223  321
228  321
233  321
238  321
243  321
248  321
253  321
258  321
263  321
268  321
273  321
277  324
279  328
279  333
279  338
280  343
279  348
279  353
279  358
279  363
276  368
271  368
266  368
261  368
256  369
251  369
246  369
241  369
236  369
231  370
226  370
221  370
216  370
211  371
206  371
201  371
196  371
191  371
186  371
181  371
176  371
171  371
166  371
161  371
156  371
151  371
146  371
141  371
136  371
131  371
126  371
121  371
116  371
111  371
106  371
101  371
96  371
91  371
86  371
81  370
76  370
71  370
66  370
61  370
56  370
51  369
46  369
41  369
36  369
31  369
26  369
21  369
19  365
17  360
17  355
17  350
17  345
18  340
18  335
18  330
22  327
