13  324
18  323
23  323
28  323
33  323
38  323
43  323
48  323
53  323
58  323
63  323
68  323
73  323
78  323
83  323
88  323
93  323
98  323
103  323
108  323
113  323
118  323
123  323
128  323
133  322
138  322
143  322
148  322
153  321
158  321
163  321
168  321
173  321
178  321
183  321
188  321
193  320
198  320
203  320
208  320
213  320
218  320
223  320
228  320
233  320
238  321
243  321
248  321
253  322
258  322
262  325
264  329
265  334
266  339
266  344
267  349
267  354
267  359
266  364
265  369
261  372
256  373
251  374
246  374
241  374
236  374
231  374
226  374
221  374
216  374
211  374
206  374
201  374
196  374
191  374
186  374
181  374
176  374
171  374
166  374
161  374
156  374
151  374
146  374
141  374
136  374
131  374
126  374
121  374
116  373
111  373
106  373
101  373
96  373
91  373
86  373
81  372
76  372
71  372
66  372
61  372
56  372
51  371
46  371
41  371
36  371
31  371
26  371
21  371
16  371
13  367
11  362
10  358
8  353
8  348
8  343
8  338
8  333
10  328
13  324
