16  411
21  411
26  411
31  411
36  411
41  411
46  411
51  411
56  411
61  411
66  411
71  411
76  411
81  411
86  411
91  411
96  411
101  411
106  411
111  411
116  411
121  411
126  411
131  411
135  410
140  410
145  410
150  410
155  410
160  410
165  410
170  410
175  410
180  409
185  409
190  409
195  409
200  409
205  409
210  409
215  409
220  409
225  409
230  409
235  409
240  409
245  409
250  409
255  409
260  409
265  409
270  410
275  411
278  415
280  420
281  425
281  430
281  435
280  440
280  445
280  450
279  454
274  455
269  455
264  455
259  455
254  455
249  455
244  455
239  455
234  455
229  455
224  455
219  456
214  456
209  456
204  456
199  456
194  456
189  456
184  456
179  457
174  457
169  457
164  457
159  457
154  457
149  457
144  458
139  458
134  458
129  458
124  458
119  458
114  458
109  458
104  458
99  458
94  458
89  458
84  458
79  458
74  458
69  457
64  457
59  457
54  457
49  457
44  457
39  457
34  457
29  456
24  456
19  456
14  455
12  450
12  445
12  440
12  435
12  431
13  426
13  421
14  416
15  411
