23  410
28  410
33  410
38  410
43  410
48  410
53  410
58  410
63  410
68  410
73  410
78  410
83  410
88  410
93  410
98  410
103  410
108  410
113  410
118  410
123  410
128  410
133  411
138  411
143  411
148  411
153  411
158  411
163  411
168  411
173  411
178  411
183  411
188  411
193  411
198  411
203  411
208  411
213  411
218  411
223  411
228  411
233  411
238  411
243  411
248  411
253  411
258  411
263  411
268  411
273  412
277  414
278  419
278  424
278  429
278  434
278  439
278  444
278  449
277  454
272  456
267  456
262  456
257  456
252  456
247  457
242  457
237  457
232  457
227  457
222  457
217  458
212  458
207  458
202  458
197  458
192  458
187  459
182  459
177  459
172  459
167  459
162  459
157  460
152  460
147  460
142  460
137  460
132  460
127  460
122  461
117  461
112  461
107  461
102  461
97  461
92  461
87  461
82  461
77  461
72  461
67  461
62  461
57  461
52  461
47  461
42  461
37  461
32  461
27  460
22  460
19  456
18  451
18  446
18  441
18  436
18  431
18  426
18  421
18  416
19  411
