24  410
29  410
34  410
39  410
44  410
49  410
54  410
58  410
63  410
68  410
73  410
78  410
83  410
88  410
93  410
98  410
103  410
108  410
113  410
118  410
123  410
128  410
133  410
138  410
143  410
148  410
153  410
158  410
163  410
168  410
173  411
178  411
183  411
188  411
193  411
198  411
203  411
208  411
213  412
218  412
223  412
228  412
233  412
238  412
243  412
248  412
253  412
258  412
263  412
268  412
273  412
278  412
283  415
284  420
284  425
283  430
283  435
283  440
283  445
283  450
281  454
276  456
271  456
266  456
261  456
256  456
251  456
246  456
241  456
236  456
231  456
226  456
221  456
216  456
211  456
206  456
201  456
196  456
191  456
186  457
181  457
176  457
171  457
166  457
161  457
156  457
151  457
146  457
141  457
136  458
131  458
126  458
121  458
116  458
111  458
106  458
101  458
96  458
91  458
86  458
81  458
76  458
71  458
66  458
61  458
56  458
51  458
46  457
41  457
36  457
31  457
26  457
21  457
19  453
18  448
18  443
18  438
18  433
17  428
17  423
18  418
18  413
22  410
