18  411
23  411
28  410
33  410
38  410
43  410
48  410
53  410
58  410
63  410
68  410
73  410
78  410
83  409
88  409
93  409
98  409
103  409
108  409
113  409
118  409
123  409
128  409
133  409
138  409
143  409
148  409
153  409
158  409
163  409
168  409
173  409
178  409
183  409
188  409
193  409
198  409
203  409
208  409
213  409
218  409
223  409
228  409
233  410
238  410
243  410
248  410
253  410
258  410
263  410
268  410
269  415
270  420
271  425
272  430
272  435
273  440
273  445
273  450
272  455
272  460
267  461
262  461
257  461
252  461
247  461
242  461
237  461
232  461
227  461
222  461
217  461
212  461
207  461
202  461
197  461
192  461
187  461
182  461
177  461
172  461
167  461
162  461
157  461
152  461
147  461
142  461
137  461
132  461
127  461
122  461
117  461
112  461
107  461
102  461
97  461
92  460
87  460
82  460
77  460
72  460
67  460
62  460
57  460
52  460
47  460
42  460
37  460
32  460
27  460
22  460
17  460
16  455
15  450
14  445
14  440
13  435
13  430
13  425
13  420
14  415
18  411
