18  410
23  410
28  410
33  410
38  410
43  410
48  410
53  410
58  410
63  410
68  411
73  411
78  411
83  411
88  411
93  411
98  411
103  411
108  411
113  411
118  411
123  411
128  411
133  411
138  411
143  411
148  411
153  411
158  411
163  411
168  411
173  411
178  411
183  411
188  411
193  411
198  411
203  411
208  411
213  411
218  411
223  411
228  411
233  411
238  411
243  411
248  411
253  411
258  411
263  412
268  412
273  413
276  417
277  422
278  427
278  432
278  437
278  442
279  447
279  452
279  457
274  458
269  458
264  459
259  459
254  460
249  460
244  460
239  460
234  460
229  460
224  460
219  460
214  460
209  460
204  460
199  460
194  460
189  460
184  460
179  460
174  460
169  460
164  460
159  460
154  460
149  460
144  459
139  459
134  459
129  459
124  459
119  459
114  459
109  458
104  458
99  458
94  458
89  458
84  458
79  458
74  458
69  458
64  458
59  458
54  458
49  458
44  458
39  459
34  459
29  459
24  458
19  457
14  457
10  455
8  450
8  445
8  440
8  435
9  430
9  425
10  420
10  415
15  412
