18  411
23  411
28  411
33  411
38  411
43  411
48  411
53  411
58  411
63  411
68  411
73  411
77  411
82  411
87  410
92  410
97  410
102  410
107  409
112  409
117  409
122  409
127  410
132  410
137  410
142  410
147  410
152  411
157  411
162  411
167  411
172  411
177  411
182  411
187  411
192  411
197  411
202  411
207  411
212  411
217  411
222  411
227  411
232  411
237  411
242  411
247  412
252  412
257  412
262  412
267  412
270  416
272  421
273  426
273  431
273  436
273  441
273  446
273  451
272  456
271  461
266  462
261  463
256  463
251  463
246  463
241  463
236  463
231  463
226  463
221  463
216  463
211  463
206  463
201  463
196  463
191  463
186  463
181  463
176  463
171  463
166  463
161  463
156  463
151  463
146  463
141  463
136  463
131  463
126  463
121  463
116  463
111  464
106  464
101  464
96  464
91  464
86  464
81  464
76  464
71  464
66  463
61  463
56  463
51  463
46  463
41  462
36  462
31  462
26  462
21  462
16  462
14  457
12  452
12  447
11  443
11  438
11  433
11  428
12  423
12  418
15  413
