14  411
19  411
24  411
29  411
34  411
39  411
44  411
49  411
54  411
59  411
64  411
69  411
74  411
79  411
84  411
89  411
94  411
99  411
104  411
109  411
114  411
119  411
124  411
129  411
134  411
139  411
144  411
149  411
154  411
159  411
164  411
169  411
174  411
179  411
184  411
189  411
194  411
199  411
204  411
209  411
214  411
219  411
224  411
229  411
234  411
239  411
244  411
249  411
254  411
259  411
264  411
269  412
274  413
278  416
278  421
279  426
279  431
279  436
279  441
279  446
279  451
279  456
275  457
270  457
265  458
260  458
255  458
250  458
245  458
240  458
235  458
230  458
225  458
220  458
215  458
210  458
205  458
200  458
195  458
190  458
185  458
180  458
175  458
170  458
165  458
160  459
155  459
150  459
145  459
140  459
135  459
130  459
125  459
120  459
115  460
110  460
105  460
100  460
95  460
90  460
85  460
80  460
75  460
70  460
65  460
60  460
55  460
50  460
45  460
40  460
35  460
30  460
25  460
20  460
15  460
11  457
10  452
9  447
9  442
9  437
9  432
9  427
10  422
10  417
12  413
