22  410
27  409
32  409
37  408
42  408
47  408
52  408
57  408
62  407
67  407
72  407
77  407
82  407
87  407
92  407
97  407
102  407
107  407
112  407
117  407
122  407
127  407
132  408
137  408
142  408
147  408
152  408
157  409
162  409
167  409
172  409
177  409
182  409
187  409
192  409
197  409
202  409
207  409
212  409
217  409
222  409
227  409
232  409
237  409
242  409
247  409
252  409
257  409
262  409
267  409
272  410
273  415
273  420
274  425
274  430
274  435
274  440
274  445
273  450
273  455
272  460
268  461
263  461
258  462
253  462
248  461
243  461
238  461
233  460
228  460
223  460
218  460
213  460
208  460
203  460
198  460
193  460
188  460
183  460
178  460
173  460
168  460
163  460
158  460
153  460
148  460
143  460
138  460
133  460
128  460
123  460
118  460
113  460
108  460
103  460
98  460
93  460
88  459
83  459
78  459
73  459
68  459
63  459
58  459
53  459
48  459
43  458
38  458
33  458
28  457
23  457
19  453
17  449
17  444
17  439
17  434
18  429
18  424
18  419
19  414
22  410
