16  411
21  411
26  411
31  411
36  411
41  411
46  411
51  411
56  412
61  412
66  412
71  412
76  412
81  412
86  413
91  413
96  413
101  413
106  413
111  413
116  414
121  414
126  414
131  414
136  414
141  414
146  414
151  414
156  413
161  413
166  413
171  413
176  413
181  413
186  413
191  413
196  413
201  412
206  412
211  412
216  412
221  412
226  411
231  411
236  411
241  411
246  411
251  411
256  411
261  411
266  411
271  411
275  414
277  418
278  423
278  428
278  433
278  438
278  443
279  448
277  453
274  457
270  458
265  458
260  458
255  459
250  459
245  459
240  459
235  459
230  460
225  460
220  460
215  460
210  460
205  460
200  460
195  460
190  460
185  460
180  460
175  460
170  460
165  460
160  461
155  461
150  461
145  461
140  461
135  461
130  461
125  461
120  461
115  461
110  461
105  460
100  460
95  460
90  460
85  460
80  460
75  460
70  460
65  459
60  459
55  459
50  459
45  459
40  459
35  459
30  459
25  459
20  459
15  459
12  455
10  450
10  445
10  440
10  435
11  430
12  425
12  420
13  415
16  411
