17  411
21  410
26  410
31  410
36  410
41  410
46  410
51  410
56  410
61  410
66  410
71  410
76  410
81  410
86  410
91  410
96  410
101  410
106  410
111  410
116  410
121  410
126  410
131  410
136  410
141  410
146  410
151  410
156  410
161  410
166  410
171  410
176  410
181  410
186  410
191  410
196  410
201  410
206  410
211  410
216  410
221  410
226  410
231  410
236  411
241  411
246  411
251  411
256  411
261  412
266  412
271  413
274  417
275  422
275  427
275  432
275  437
275  442
275  447
274  452
273  457
268  459
263  460
258  460
253  460
248  460
243  460
238  460
233  460
228  460
223  460
218  460
213  460
208  460
203  460
198  460
193  460
188  460
183  460
178  459
173  459
168  459
163  459
158  459
153  459
148  459
143  459
138  459
133  459
128  459
123  458
118  458
113  458
108  458
103  458
98  458
93  458
88  458
83  458
78  458
73  457
68  457
63  457
58  457
53  457
48  457
43  457
38  456
33  456
28  456
23  456
18  456
13  456
9  454
6  450
5  445
4  440
5  435
5  430
6  425
6  420
7  415
12  413
16  411
