22  413
26  413
31  413
36  412
41  412
46  412
51  412
56  412
61  412
66  412
71  411
76  411
81  411
86  411
91  411
96  411
101  411
106  411
111  411
116  411
121  411
126  411
131  411
136  411
141  411
146  411
151  411
156  411
161  411
166  411
171  411
176  411
181  412
186  412
191  412
196  412
201  412
206  412
211  412
216  412
221  412
226  412
231  412
236  412
241  412
246  412
251  412
256  412
261  412
266  412
271  412
276  413
279  417
280  422
280  427
280  432
280  437
280  442
280  447
281  452
278  457
273  457
268  457
263  457
258  457
253  457
248  457
243  457
238  457
233  457
228  457
223  457
218  457
213  457
208  456
203  456
198  456
193  456
188  456
183  456
178  456
173  456
168  457
163  457
158  457
153  457
148  457
143  457
138  457
133  457
128  458
123  458
118  458
113  458
108  458
103  458
98  458
93  458
88  458
83  458
78  458
73  458
68  458
63  458
58  458
53  458
48  458
43  458
38  458
33  458
28  458
23  458
18  458
17  453
17  448
16  443
17  438
17  433
17  428
16  423
16  418
20  414
