16  411
21  411
26  410
31  410
36  410
41  410
46  410
51  411
56  411
61  411
66  411
71  411
76  411
81  411
86  411
91  411
96  411
101  411
106  411
111  411
116  411
121  411
126  411
131  411
136  411
141  411
146  411
151  411
156  411
161  410
166  410
171  410
176  410
181  410
186  410
191  410
196  410
201  410
206  410
211  410
216  410
221  410
226  411
231  411
236  411
241  411
246  411
251  411
256  412
261  412
266  412
270  415
271  420
272  425
272  430
273  435
273  440
273  445
274  450
274  455
272  459
267  459
262  459
257  460
252  460
247  460
242  460
237  460
232  460
227  460
222  460
217  460
212  461
207  461
202  461
197  461
192  461
187  461
182  461
177  461
172  461
167  461
162  461
157  461
152  461
147  461
142  461
137  461
132  461
127  461
122  461
117  461
112  461
107  461
102  461
97  461
92  461
87  461
82  461
77  461
72  461
67  461
62  461
57  461
52  461
47  461
42  461
37  461
32  461
27  461
22  460
17  457
16  453
15  448
15  443
14  438
14  433
14  428
14  423
15  418
16  413
