23  410
28  410
33  410
38  410
43  410
48  410
53  410
58  410
63  410
68  409
73  409
78  409
83  409
88  409
93  409
98  409
103  409
108  409
113  409
118  409
123  409
128  409
133  409
138  409
143  409
148  409
153  409
158  410
163  410
168  410
173  410
178  410
183  410
188  410
193  410
198  410
203  410
208  410
213  410
218  410
223  410
228  410
233  410
238  410
243  410
248  410
253  410
258  410
263  411
268  411
273  412
275  417
276  422
276  427
276  432
276  437
276  442
276  447
276  452
276  457
272  459
267  459
262  459
257  459
252  459
247  459
242  459
237  459
232  459
227  459
222  459
217  459
212  460
207  460
202  460
197  460
192  461
187  461
182  461
177  461
172  461
167  461
162  461
157  461
152  461
147  461
142  461
137  461
132  461
127  461
122  461
117  461
112  461
107  461
102  461
97  461
92  461
87  461
82  461
77  461
72  460
67  460
62  460
57  460
52  460
47  460
42  460
37  460
32  460
27  459
22  458
20  453
20  448
20  443
19  438
19  433
19  428
19  423
20  418
21  414
