19  410
23  410
28  410
33  410
38  410
43  410
48  410
53  410
58  410
63  410
68  410
73  410
78  410
83  410
88  410
93  410
98  410
103  410
108  410
113  410
118  410
123  410
128  410
133  410
138  410
143  410
148  410
153  410
158  410
163  410
168  410
173  410
178  410
183  410
188  410
193  410
198  410
203  410
208  410
213  410
218  409
223  409
228  409
233  409
238  409
243  409
248  409
253  410
258  410
263  410
268  410
270  415
271  420
271  425
272  430
272  435
273  440
272  445
272  450
272  455
271  460
266  460
261  460
256  460
251  460
246  460
241  460
236  460
231  460
226  460
221  460
216  460
211  460
206  460
201  460
196  460
191  460
186  460
181  460
176  460
171  460
166  460
161  460
156  461
151  461
146  461
141  461
136  461
131  461
126  461
121  461
116  461
111  461
106  461
101  461
96  461
91  461
86  461
81  461
76  461
71  461
66  460
61  460
56  460
51  460
46  460
41  460
36  460
31  460
26  460
21  460
17  459
15  454
14  449
14  444
14  439
14  434
14  429
15  424
15  419
16  415
