291  139
296  139
301  139
306  139
311  139
315  139
320  139
325  138
330  138
335  137
340  137
345  137
350  137
355  137
360  137
365  137
370  137
375  137
380  138
385  138
390  138
395  138
400  138
405  138
410  138
415  138
420  138
425  138
430  138
435  138
440  138
445  138
450  138
455  138
460  138
465  138
470  138
475  138
480  138
485  138
490  139
495  139
500  139
505  139
510  139
515  140
520  140
525  140
530  140
535  140
540  139
545  142
547  146
547  151
548  156
548  161
548  166
548  171
548  176
547  181
545  186
541  188
536  188
531  189
526  189
521  190
516  190
511  190
506  190
501  190
496  190
491  190
486  190
481  190
476  190
471  190
466  191
461  191
456  191
451  191
446  191
441  191
436  191
431  191
426  191
421  191
416  191
411  191
406  191
401  191
396  191
391  191
386  191
381  191
376  191
371  191
366  191
361  191
356  191
351  191
346  191
341  191
336  191
331  191
326  190
321  190
316  190
311  190
306  190
301  190
296  190
291  188
288  184
288  179
288  174
287  169
287  164
287  159
287  154
287  149
289  144
290  139
