292  141
296  141
301  141
306  141
311  141
316  140
321  140
326  140
331  139
336  139
341  139
346  139
351  139
356  139
361  139
366  138
371  138
376  138
381  138
386  138
391  138
396  139
401  139
406  139
411  139
416  139
421  139
426  139
431  139
436  139
441  139
446  139
451  139
456  139
461  139
466  139
471  139
476  139
481  139
486  139
491  139
496  139
501  139
506  139
511  139
516  139
521  139
526  139
531  139
536  139
541  141
542  146
544  151
545  156
546  161
546  166
546  171
545  176
545  180
544  185
541  190
537  190
532  190
527  191
522  191
517  191
512  192
507  192
502  192
497  192
492  192
487  192
482  192
477  192
472  192
467  192
462  192
457  192
452  192
447  192
442  192
437  193
432  193
427  193
422  193
417  193
412  193
407  193
402  193
397  193
392  193
387  193
382  193
377  193
372  193
367  193
362  193
357  193
352  194
347  194
342  194
337  193
332  193
327  193
322  193
317  193
312  193
307  193
302  193
297  194
292  193
288  190
287  185
286  180
285  175
285  170
284  165
285  160
285  155
285  150
286  145
290  142
