296  138
301  138
306  138
311  138
316  138
321  137
325  137
330  137
335  137
340  137
345  137
350  137
355  137
360  137
365  137
370  137
375  137
380  138
385  138
390  138
395  138
400  138
405  138
410  138
415  138
420  138
425  138
430  138
435  138
440  139
445  139
450  139
455  139
460  139
465  139
470  139
475  139
480  139
485  140
490  140
495  140
500  140
505  140
510  140
515  140
520  140
525  140
530  140
535  140
540  140
545  140
549  144
550  148
550  153
550  158
550  163
550  168
550  173
549  178
549  183
547  188
542  188
537  189
532  189
527  189
522  190
517  190
512  190
507  190
502  190
497  190
492  190
487  190
482  190
477  190
472  190
467  190
462  191
457  191
452  191
447  191
442  191
437  191
432  191
427  191
422  191
417  191
412  191
407  192
402  192
397  192
392  192
387  192
382  192
377  192
372  192
367  192
362  192
357  192
352  192
347  192
342  192
337  192
332  191
327  191
322  191
317  191
312  191
307  191
302  190
297  190
293  187
292  182
292  177
291  172
291  167
290  162
290  157
290  152
291  147
292  142
295  138
