286  145
291  145
296  145
301  145
306  145
311  145
316  145
321  145
326  145
331  145
336  145
341  145
346  145
351  145
356  145
361  145
366  145
371  145
376  145
381  145
386  145
391  145
396  145
401  144
406  144
411  144
416  144
421  144
426  144
431  144
436  144
441  144
446  144
451  144
456  144
461  144
466  144
471  144
476  144
481  144
486  144
491  144
496  144
501  144
506  144
511  144
516  144
521  144
526  144
531  144
536  144
541  144
546  144
551  144
553  148
553  153
553  158
554  163
553  168
553  173
553  178
553  183
550  186
545  188
540  188
535  188
530  188
525  188
520  188
515  188
510  189
505  189
500  189
495  189
490  189
485  189
480  189
475  189
470  189
465  189
460  189
455  189
450  189
445  190
440  190
435  190
430  190
425  190
420  190
415  190
410  190
405  191
400  191
395  191
390  191
385  191
380  191
375  191
370  191
365  191
360  191
355  191
350  191
345  191
340  191
335  191
330  191
325  191
320  191
315  191
310  191
305  191
300  190
295  190
290  190
286  187
286  182
285  177
284  172
283  167
282  162
282  157
282  152
282  147
