283  144
287  144
292  144
297  144
302  143
307  143
312  143
317  143
322  143
327  142
332  142
337  142
342  142
347  142
352  141
357  141
362  141
367  141
372  141
377  141
382  141
387  141
392  141
397  141
402  141
407  141
412  141
417  141
422  141
427  141
432  141
437  141
442  141
447  141
452  141
457  141
462  141
467  141
472  141
477  141
482  141
487  141
492  141
497  141
502  141
507  141
512  141
517  141
522  142
527  142
532  142
537  143
542  143
547  143
549  148
549  153
550  158
551  163
551  168
551  173
550  178
550  183
547  187
542  187
537  188
532  189
527  189
522  189
517  190
512  190
507  190
502  190
497  190
492  191
487  191
482  191
477  191
472  191
467  191
462  191
457  191
452  191
447  191
442  191
437  192
432  192
427  192
422  192
417  192
412  192
407  192
402  192
397  192
392  192
387  192
382  192
377  193
372  193
367  193
362  193
357  193
352  193
347  193
342  193
337  193
332  193
327  192
322  192
317  192
312  192
307  192
302  191
297  191
292  190
287  189
284  185
283  181
283  176
282  171
281  166
281  161
281  156
281  151
282  146
