282  144
287  143
292  143
297  143
302  142
307  142
312  142
317  142
322  142
327  142
332  142
337  142
342  142
347  142
352  142
357  142
362  142
367  142
372  142
377  142
382  142
387  142
392  142
397  142
402  142
407  142
412  142
417  142
422  142
427  142
432  142
437  142
442  142
447  142
452  142
457  142
462  142
467  142
472  142
477  142
482  142
487  142
492  142
497  142
502  142
507  142
512  142
517  142
522  142
527  142
532  142
537  142
542  142
547  143
551  145
552  150
552  155
552  160
554  165
554  170
554  175
553  180
552  185
548  187
543  187
538  188
533  188
528  189
523  189
518  189
513  189
508  189
503  189
498  189
493  189
488  189
483  190
478  190
473  190
468  190
463  190
458  190
453  190
448  190
443  190
438  190
433  190
428  190
423  190
418  190
413  190
408  190
403  191
398  191
393  191
388  191
383  191
378  191
373  190
368  190
363  190
358  190
353  190
348  190
343  190
338  190
333  190
328  189
323  189
318  189
313  189
308  189
303  189
298  190
293  190
288  189
283  188
281  183
279  179
278  174
278  169
278  164
277  159
277  154
278  149
281  145
