286  142
291  141
296  141
301  140
306  140
311  139
316  139
321  139
326  139
331  139
336  139
341  139
346  139
351  139
356  139
361  139
366  139
371  139
376  139
381  139
386  139
391  139
396  138
401  138
406  138
411  138
416  138
421  138
426  138
431  138
436  138
441  138
446  138
451  138
456  139
461  139
466  139
471  139
476  139
481  139
486  139
491  139
496  140
501  140
506  140
511  140
516  140
521  140
526  140
531  141
536  141
541  141
546  142
551  144
551  149
551  154
551  159
551  164
552  169
552  174
551  179
551  184
546  186
541  186
536  186
531  186
526  187
521  187
516  187
511  187
506  187
501  187
496  187
491  187
486  187
481  187
476  187
471  187
466  187
461  187
456  187
451  187
446  187
441  187
436  187
431  187
426  187
421  187
416  187
411  187
406  187
401  187
396  187
391  187
386  187
381  187
376  187
371  187
366  187
361  187
356  187
351  187
346  187
341  187
336  187
331  187
326  187
321  187
316  187
311  187
306  187
301  187
296  187
291  188
286  188
283  184
283  179
283  174
282  169
281  164
281  159
281  154
281  149
283  144
