291  142
296  142
301  141
306  141
311  140
316  140
321  140
326  140
331  140
336  140
341  140
346  140
351  140
356  140
361  140
366  140
371  140
376  140
381  140
386  140
391  141
396  141
401  141
406  141
411  141
416  141
421  142
426  142
431  142
436  142
441  142
446  142
451  142
456  142
461  142
466  142
471  142
476  142
481  143
486  143
491  143
496  143
501  143
506  143
511  143
516  143
521  143
526  143
531  143
536  143
541  143
546  143
551  143
556  143
557  147
557  152
558  157
557  162
559  167
559  172
556  176
558  181
558  186
553  188
548  189
543  189
538  189
533  189
528  189
523  189
518  189
513  189
508  189
503  189
498  189
493  189
488  189
483  188
478  188
473  188
468  188
463  188
458  188
453  188
448  188
443  188
438  188
433  188
428  188
423  188
418  188
413  188
408  188
403  188
398  188
393  188
388  189
383  189
378  189
373  189
368  189
363  189
358  189
353  189
348  189
343  189
338  189
333  189
328  189
323  189
318  189
313  189
308  189
303  189
298  189
293  189
288  189
284  186
284  181
284  176
283  171
283  166
283  161
283  156
283  151
285  146
289  143
