291  230
296  230
301  229
306  228
311  228
316  228
321  227
326  227
331  227
336  227
341  227
346  227
351  226
356  226
361  226
366  226
371  226
376  226
381  226
386  226
391  226
396  226
401  226
406  226
411  226
416  226
421  226
426  226
431  226
436  226
441  226
446  226
451  226
456  226
461  226
466  226
471  226
476  226
481  227
486  227
491  227
496  227
501  227
506  227
511  227
516  228
521  228
526  228
531  228
536  228
541  228
546  228
547  233
548  238
549  243
550  248
550  253
550  258
549  263
549  268
548  273
546  277
541  277
536  277
531  278
526  278
521  278
516  278
511  278
506  278
501  278
496  278
491  278
486  278
481  278
476  278
471  278
466  278
461  278
456  278
451  278
446  278
441  278
436  278
431  278
426  278
421  278
416  278
411  278
406  278
401  278
396  278
391  278
386  278
381  278
376  278
371  278
366  278
361  278
356  278
351  278
346  278
341  278
336  278
331  278
326  278
321  278
316  278
311  278
306  279
301  279
296  279
293  275
292  270
291  265
291  260
290  255
290  250
290  245
290  240
290  235
