288  235
293  234
298  234
303  234
308  234
313  234
318  233
323  233
328  233
333  233
338  233
343  232
348  232
353  232
358  232
363  232
368  232
373  232
378  231
383  231
388  231
393  231
398  231
403  231
408  231
413  231
418  231
423  231
428  231
433  231
438  230
443  230
448  230
453  230
458  230
463  230
468  231
473  231
478  231
483  231
488  231
493  231
498  231
503  231
508  231
513  231
518  231
523  231
528  232
533  232
538  232
543  232
548  233
551  237
551  242
552  246
554  251
553  256
553  261
552  266
551  271
551  276
547  278
542  279
537  279
532  279
527  279
522  279
517  280
512  280
507  280
502  280
497  280
492  280
487  281
482  281
477  281
472  281
467  281
462  281
457  281
452  281
447  281
442  281
437  282
432  282
427  282
422  282
417  282
412  282
407  282
402  282
397  282
392  282
387  282
382  282
377  282
372  283
367  283
362  283
357  283
352  283
347  283
342  283
337  283
332  282
327  282
322  282
317  282
312  282
307  282
302  282
297  282
292  282
287  282
285  278
284  273
283  268
283  263
283  258
283  253
283  248
283  243
284  238
287  235
