287  232
292  232
297  232
302  232
307  231
312  231
317  231
322  231
327  230
332  230
337  230
342  229
347  229
352  229
357  229
362  229
367  229
372  229
377  229
382  229
387  229
392  229
397  229
402  229
407  229
412  229
417  229
422  229
427  229
432  229
437  229
442  229
447  229
452  229
457  228
462  228
467  228
472  228
477  228
482  228
487  228
492  228
497  228
502  228
507  228
512  228
517  229
522  229
527  229
532  229
537  229
542  230
547  230
551  232
553  237
555  242
556  247
555  252
555  257
555  262
554  266
553  271
551  276
546  277
541  277
536  277
531  278
526  278
521  278
516  278
511  278
506  278
501  278
496  278
491  278
486  278
481  278
476  278
471  278
466  278
461  278
456  278
451  278
446  277
441  277
436  277
431  277
426  277
421  277
416  277
411  277
406  277
401  277
396  277
391  277
386  278
381  278
376  278
371  278
366  278
361  278
356  279
351  279
346  279
341  279
336  279
331  279
326  279
321  279
316  279
311  279
306  278
301  278
296  278
291  278
286  276
286  271
285  266
285  261
284  256
283  251
282  247
283  242
284  237
287  232
