291  231
296  230
301  230
306  230
311  230
316  229
321  229
326  229
331  229
336  229
341  229
346  229
351  229
356  229
361  229
366  229
371  229
376  229
381  229
386  229
391  229
396  229
401  229
406  228
411  228
416  228
421  228
426  228
431  228
436  228
441  228
446  228
451  228
456  228
461  228
466  228
471  229
476  229
481  229
486  229
491  229
496  229
501  229
506  229
511  229
516  229
521  229
526  229
531  229
536  230
541  230
545  233
546  238
547  243
547  248
548  253
548  258
548  263
548  268
547  273
546  278
542  280
537  280
532  281
527  281
522  281
517  281
512  281
507  281
502  281
497  282
492  282
487  282
482  282
477  282
472  282
467  283
462  283
457  283
452  283
447  283
442  283
437  283
432  283
427  283
422  283
417  283
412  283
407  283
402  283
397  284
392  284
387  284
382  284
377  284
372  284
367  283
362  283
357  283
352  283
347  283
342  283
337  283
332  283
327  283
322  283
317  283
312  283
307  283
302  283
297  283
292  283
290  278
289  273
289  268
288  263
288  258
288  253
288  248
288  243
289  238
290  233
