298  232
303  232
308  231
313  231
318  231
323  230
328  230
333  230
338  230
343  230
348  230
353  231
358  231
363  231
368  231
373  231
378  231
383  231
388  231
393  231
398  230
403  230
408  230
413  230
418  230
423  230
428  230
433  230
438  230
443  230
448  230
453  230
458  230
463  230
468  230
473  230
478  230
483  230
488  230
493  230
498  230
503  230
508  230
513  230
518  230
523  230
528  230
533  230
538  230
543  230
548  231
552  233
552  238
553  243
553  248
553  253
553  258
553  263
553  268
552  273
550  277
545  279
540  279
535  279
530  279
525  279
520  279
515  279
510  280
505  280
500  280
495  280
490  280
485  280
480  281
475  281
470  281
465  281
460  281
455  281
450  281
445  281
440  282
435  282
430  282
425  282
420  282
415  282
410  282
405  282
400  282
395  282
390  282
385  282
380  282
375  282
370  282
365  282
360  282
355  282
350  282
345  282
340  282
335  282
330  282
325  281
320  281
315  281
310  281
305  281
300  280
296  277
294  272
294  267
293  262
293  258
292  253
292  248
293  243
293  238
296  233
