291  231
296  231
301  230
306  230
311  230
316  230
321  229
326  229
331  229
336  229
341  229
346  229
351  229
356  229
361  229
366  229
371  229
376  229
381  229
386  229
391  229
396  229
401  229
406  229
411  229
416  229
421  229
426  229
431  229
436  229
441  229
446  229
451  229
456  229
461  229
466  229
471  229
476  230
481  230
486  230
491  230
496  230
501  230
506  230
511  230
516  230
521  230
526  230
531  230
536  230
541  230
545  233
546  238
546  243
547  248
548  253
548  258
549  263
549  268
548  273
547  277
542  279
537  279
532  279
527  280
523  280
518  280
513  280
508  280
503  281
498  281
493  281
488  281
483  281
478  281
473  282
468  282
463  282
458  282
453  282
448  282
443  282
438  283
433  283
428  283
423  283
418  283
413  283
408  283
403  284
398  284
393  284
388  284
383  284
378  284
373  284
368  284
363  284
358  285
353  285
348  285
343  285
338  285
333  284
328  284
323  284
318  283
313  283
308  283
303  283
298  282
293  282
290  278
289  273
289  268
288  263
288  258
288  253
288  248
289  243
289  238
290  233
