291  231
296  231
301  231
306  231
311  231
316  230
321  230
326  230
331  230
336  230
341  229
346  229
351  229
356  229
361  229
366  229
371  229
376  229
381  229
386  229
391  229
396  229
401  229
406  229
411  229
416  229
421  228
426  228
431  228
436  228
441  228
446  228
451  228
456  228
461  228
466  228
471  229
476  229
481  229
486  229
491  229
496  229
501  229
506  229
511  229
516  229
521  229
526  229
531  229
536  229
541  229
545  232
546  237
547  242
548  247
548  252
548  257
548  262
548  267
548  272
547  277
543  279
538  280
533  280
528  280
523  280
518  280
513  280
508  280
503  281
498  281
493  281
488  281
483  281
478  281
473  281
468  281
463  281
458  281
453  281
448  282
443  282
438  282
433  282
428  282
423  282
418  282
413  283
408  283
403  283
398  283
393  283
388  283
383  284
378  284
373  284
368  284
363  284
358  284
353  284
348  284
343  284
338  284
333  284
328  284
323  284
318  284
313  284
308  284
303  283
298  283
293  281
291  277
290  272
289  267
288  262
288  257
287  252
287  247
288  242
289  237
291  233
