286  233
291  233
296  232
301  232
306  232
311  231
316  231
321  231
326  231
331  231
336  231
341  231
346  230
351  230
356  230
361  230
366  230
371  230
376  230
381  230
386  230
391  230
396  229
401  229
406  229
411  229
416  229
421  229
426  229
431  229
436  229
441  229
446  229
451  229
456  229
461  229
466  229
471  229
476  229
481  229
486  229
491  229
496  229
501  229
506  229
511  229
516  229
521  229
526  229
531  229
536  229
541  230
546  230
551  231
553  236
554  240
555  245
556  250
556  255
557  260
556  265
554  270
552  274
547  276
542  277
537  277
532  277
527  278
522  278
517  278
512  278
507  278
502  278
497  278
492  278
487  278
482  278
477  278
472  278
467  278
462  278
457  278
452  278
447  278
442  278
437  278
432  278
427  278
422  278
417  278
412  278
407  278
402  279
397  279
392  279
387  279
382  279
377  279
372  279
367  279
362  279
357  279
352  279
347  279
342  279
337  279
332  279
327  279
322  279
317  279
312  279
307  279
302  279
297  279
292  279
287  279
286  274
286  269
285  264
283  259
283  254
283  250
283  245
283  240
284  235
