294  231
298  231
303  231
308  231
313  231
318  230
323  230
328  230
333  230
338  230
343  230
348  230
353  229
358  229
363  229
368  229
373  229
378  229
383  229
388  229
393  229
398  229
403  229
408  229
413  229
418  229
423  229
428  229
433  229
438  229
443  229
448  228
453  228
458  228
463  228
468  228
473  228
478  228
483  228
488  228
493  229
498  229
503  229
508  229
513  229
518  229
523  229
528  229
533  229
538  229
543  229
545  234
546  239
547  244
548  249
548  254
548  259
548  264
547  269
547  274
547  279
542  280
537  280
532  280
527  280
522  280
517  280
512  281
507  281
502  281
497  281
492  281
487  282
482  282
477  282
472  282
467  282
462  282
457  282
452  282
447  282
442  282
437  282
432  282
427  282
422  282
417  283
412  283
407  283
402  283
397  283
392  283
387  283
382  283
377  283
372  283
367  283
362  283
357  283
352  283
347  283
342  283
337  283
332  283
327  283
322  283
317  283
312  283
307  283
302  283
297  283
292  283
290  278
289  273
289  268
288  263
288  258
288  253
288  248
288  243
289  238
289  233
