287  234
291  233
296  233
301  233
306  233
311  232
316  232
321  232
326  232
331  232
336  232
341  231
346  231
351  231
356  231
361  231
366  231
371  231
376  231
381  230
386  230
391  230
396  230
401  230
406  230
411  230
416  230
421  230
426  230
431  230
436  230
441  230
446  230
451  230
456  230
461  230
466  230
471  230
476  230
481  230
486  230
491  230
496  230
501  230
506  230
511  230
516  230
521  230
526  230
531  231
536  231
541  231
546  232
551  233
553  238
555  243
555  248
555  253
555  258
555  263
554  268
552  272
549  276
544  277
539  277
534  277
529  277
524  278
519  278
514  278
509  278
504  278
499  278
494  278
489  279
484  279
479  279
474  279
469  279
464  279
459  279
454  279
449  280
444  280
439  280
434  280
429  280
424  280
419  280
414  280
409  280
404  280
399  280
394  280
389  280
384  280
379  280
374  280
369  280
364  280
359  280
354  280
349  280
344  280
339  280
334  280
329  280
324  280
319  280
314  280
309  280
304  280
299  280
294  280
289  280
287  276
286  271
286  266
285  261
284  256
283  251
283  246
283  241
284  236
