298  231
303  230
308  230
313  230
318  229
323  229
328  229
333  229
338  229
343  229
348  229
353  229
358  229
363  229
368  229
373  229
378  229
383  229
388  229
393  229
398  228
403  228
408  228
413  228
418  228
423  228
428  228
433  228
438  228
443  228
448  228
453  228
458  228
463  228
468  228
473  228
478  228
483  228
488  228
493  228
498  228
503  228
508  228
513  229
518  229
523  229
528  229
533  229
538  229
543  229
548  230
549  234
550  239
551  244
552  249
552  254
553  259
553  264
552  269
551  274
551  279
546  281
541  281
536  281
531  281
526  281
521  282
516  282
511  282
506  282
501  282
496  282
491  282
486  282
481  282
476  282
471  282
466  282
461  283
456  283
451  283
446  283
441  283
436  283
431  283
426  283
421  283
416  283
411  283
406  283
401  283
396  284
391  284
386  284
381  284
376  284
371  284
366  284
361  284
356  284
351  284
346  284
341  284
336  283
331  283
326  283
321  283
316  283
311  282
306  282
301  282
298  277
297  272
296  268
296  263
295  258
295  253
295  248
295  243
296  238
297  233
