301  319
306  319
311  319
316  318
321  318
326  318
331  318
336  318
341  317
346  317
351  317
356  317
361  317
366  317
371  317
376  317
381  317
386  317
391  317
396  317
401  317
406  317
411  317
416  317
421  317
426  317
431  317
436  317
441  317
446  317
451  317
456  317
461  317
466  317
471  317
476  317
481  317
486  317
491  317
496  317
501  317
506  317
511  317
516  317
521  317
526  317
531  317
536  317
541  317
546  318
551  318
553  322
555  327
556  332
556  337
557  342
557  347
557  352
557  357
556  362
556  367
552  370
547  370
542  370
537  371
532  371
527  371
522  371
517  371
512  371
507  370
502  370
497  370
492  370
487  370
482  370
477  369
472  369
467  369
462  369
457  369
452  369
447  369
442  369
437  369
432  369
427  369
422  369
417  370
412  370
407  370
402  370
397  370
392  371
387  371
382  371
377  371
372  372
367  372
362  372
357  371
352  371
347  371
342  371
337  370
332  370
327  370
322  371
317  371
312  371
307  371
302  371
298  368
298  363
297  358
296  353
296  348
295  343
295  338
296  333
296  328
298  323
301  319
