296  322
301  322
306  321
311  321
316  321
321  320
326  320
331  320
336  320
341  320
346  320
351  320
356  320
361  320
366  320
371  320
376  320
381  320
386  320
391  320
396  320
401  320
406  320
411  320
416  320
421  320
426  320
431  320
436  320
441  320
446  320
451  320
456  320
461  320
466  320
471  319
476  319
481  319
486  319
491  319
496  319
501  319
506  319
511  319
516  320
521  320
526  320
531  320
536  320
541  320
546  321
551  321
556  321
559  325
560  330
561  335
562  340
562  345
562  350
562  355
562  360
561  365
556  367
551  367
546  368
542  368
537  368
532  369
527  369
522  369
517  369
512  369
507  369
502  369
497  369
492  370
487  370
482  370
477  370
472  370
467  370
462  370
457  370
452  370
447  370
442  370
437  371
432  371
427  371
422  371
417  371
412  371
407  371
402  371
397  371
392  371
387  371
382  371
377  371
372  371
367  371
362  371
357  371
352  371
347  371
342  371
337  371
332  371
327  371
322  371
317  370
312  370
307  370
302  369
297  368
294  364
293  360
292  355
292  350
292  345
292  340
291  335
292  330
293  325
