301  320
306  320
311  319
316  319
321  319
326  319
331  319
336  319
341  319
346  319
351  319
356  318
361  318
366  318
371  318
376  318
381  318
386  318
391  318
396  318
401  318
406  318
411  318
416  318
421  318
426  318
431  318
436  318
441  318
446  318
451  318
456  318
461  318
466  318
471  318
476  318
481  318
486  318
491  318
496  318
501  318
506  318
511  318
516  319
521  319
526  319
531  319
536  319
541  319
546  319
551  319
554  323
555  328
556  333
556  338
557  343
557  348
557  353
557  358
557  363
557  368
554  372
549  372
544  372
539  372
534  372
529  373
524  373
519  374
514  374
509  374
504  374
499  375
494  375
489  375
484  375
479  375
474  375
469  375
464  375
459  375
454  375
449  375
444  375
439  375
434  375
429  375
424  374
419  374
414  374
409  374
404  374
399  374
394  373
389  373
384  373
379  373
374  373
369  373
364  372
359  372
354  372
349  372
344  372
339  371
334  371
329  371
324  371
319  371
314  371
309  371
304  370
301  366
300  361
299  356
298  351
298  346
298  341
298  336
298  331
299  327
300  322
