302  323
306  322
311  322
316  322
321  321
326  321
331  321
336  321
341  321
346  321
351  321
356  321
361  320
366  320
371  320
376  320
381  320
386  320
391  320
396  320
401  319
406  319
411  319
416  319
421  319
426  319
431  319
436  318
441  318
446  318
451  318
456  318
461  318
466  318
471  318
476  318
481  318
486  318
491  318
496  318
501  318
506  318
511  318
516  318
521  318
526  319
531  319
536  319
541  319
546  320
551  321
555  323
557  328
558  333
558  338
559  343
559  348
559  353
559  358
558  363
558  368
554  372
549  372
544  372
539  372
534  372
529  372
524  372
519  372
514  372
509  372
504  372
499  372
494  372
489  372
484  372
479  372
474  372
469  372
464  372
459  372
454  372
449  372
444  372
439  372
434  372
429  372
424  372
419  372
414  372
409  372
404  372
399  372
394  371
389  371
384  371
379  371
374  371
369  371
364  371
359  371
354  371
349  370
344  370
339  370
334  370
329  370
324  370
319  370
314  369
309  369
304  369
299  369
296  365
295  360
295  355
294  350
294  345
295  340
295  335
296  330
297  325
301  323
