299  321
304  320
309  320
314  319
319  319
324  318
329  318
334  318
339  318
344  318
349  318
354  318
359  318
364  318
369  318
374  318
379  318
384  318
389  318
394  318
399  318
404  318
409  318
414  318
419  318
424  318
429  318
434  318
439  318
444  318
449  318
454  318
459  318
464  318
469  318
474  318
479  318
484  318
489  318
494  319
499  319
504  319
509  319
514  319
519  319
524  319
529  319
534  319
539  319
544  319
549  319
554  320
556  325
556  330
556  335
557  340
558  345
558  349
557  354
557  359
557  364
556  369
551  370
546  371
541  371
536  371
531  371
526  371
521  371
516  370
511  370
506  370
501  370
496  370
491  370
486  370
481  370
476  370
471  370
466  370
461  370
456  370
451  370
446  371
441  371
436  371
431  372
426  372
421  372
416  372
411  372
406  372
401  372
396  372
391  372
386  372
381  372
376  372
371  372
366  372
361  372
356  372
351  371
346  371
341  371
336  371
331  371
326  371
321  371
316  371
311  371
306  371
301  371
298  367
297  362
296  357
295  352
295  347
295  342
295  337
295  332
295  327
298  323
