297  322
301  321
306  321
311  321
316  320
321  320
326  320
331  320
336  320
341  320
346  320
351  320
356  320
361  320
366  320
371  320
376  320
381  319
386  319
391  319
396  319
401  319
406  319
411  319
416  319
421  319
426  319
431  319
436  319
441  319
446  319
451  319
456  319
461  319
466  319
471  319
476  319
481  319
486  319
491  319
496  319
501  319
506  319
511  319
516  320
521  320
526  320
531  320
536  320
541  320
546  321
551  321
556  321
561  322
565  326
566  331
566  336
566  341
567  345
567  350
567  355
566  360
565  365
560  367
555  367
550  368
545  368
540  368
535  368
530  368
525  369
520  369
515  369
510  369
505  369
500  369
495  369
490  369
485  369
480  369
475  369
470  369
465  369
460  369
455  369
450  369
445  369
440  370
435  370
430  370
425  370
420  370
415  370
410  370
405  370
400  370
395  370
390  370
385  370
380  370
375  370
370  370
365  370
360  370
355  370
350  370
345  370
340  370
335  370
330  369
325  369
320  369
315  369
310  369
305  369
300  368
296  366
294  361
293  356
292  351
293  346
293  341
293  336
293  331
294  326
296  322
