296  323
301  322
306  322
311  322
316  322
321  321
326  321
331  321
336  321
341  321
346  321
351  321
356  321
361  321
366  320
371  320
376  320
381  320
386  320
391  320
396  320
401  320
406  320
411  320
416  320
421  319
426  319
431  319
436  319
441  319
446  319
451  319
456  319
461  319
466  319
471  319
476  319
481  319
486  319
491  319
496  319
501  319
506  319
511  319
516  319
521  319
526  319
531  319
536  319
541  320
546  320
551  320
556  321
560  324
562  328
562  333
563  338
564  343
564  348
564  353
564  358
564  363
560  366
555  368
550  368
545  368
540  368
535  368
530  368
525  368
520  368
515  368
510  368
505  368
500  368
495  368
490  368
485  368
480  368
475  368
470  368
465  368
460  368
455  368
450  368
445  368
440  368
435  368
430  368
425  368
420  368
415  368
410  368
405  368
400  368
395  368
390  369
385  369
380  369
375  369
370  369
365  369
360  369
355  369
350  369
345  369
340  369
335  369
330  369
325  368
320  368
315  368
310  368
305  368
300  368
296  366
291  364
291  359
289  354
288  349
289  344
289  339
290  334
290  330
292  325
