296  322
301  321
306  321
311  321
316  321
321  321
326  321
331  321
336  321
341  320
346  320
351  320
356  320
361  320
366  319
371  319
376  319
381  319
386  318
391  318
396  318
401  318
406  318
411  318
416  317
421  317
426  317
431  317
436  317
441  317
446  317
451  317
456  317
461  317
466  317
471  317
476  318
481  318
486  318
491  318
496  318
501  318
506  319
511  319
516  319
521  319
526  319
531  319
536  319
541  320
546  320
551  320
556  321
561  321
564  325
566  330
567  335
565  340
567  344
567  349
566  354
566  359
565  364
561  367
556  367
551  367
546  367
541  367
536  367
531  367
526  367
521  367
516  367
511  367
506  368
501  368
496  368
491  368
486  368
481  368
476  368
471  368
466  368
461  368
456  368
451  368
446  368
441  368
436  368
431  368
426  368
421  368
416  368
411  368
406  368
401  368
396  368
391  367
386  367
381  367
376  367
371  367
366  367
361  367
356  367
351  367
346  367
341  367
336  367
331  367
326  367
321  367
316  367
311  367
306  367
301  366
296  364
293  360
293  355
292  350
293  345
293  340
292  335
293  330
294  326
