291  323
295  323
300  322
305  322
310  322
315  322
320  322
325  322
330  322
335  322
340  321
345  321
350  321
355  321
360  321
365  321
370  321
375  321
380  321
385  321
390  321
395  320
400  320
405  320
410  320
415  320
420  320
425  320
430  320
435  319
440  319
445  319
450  319
455  319
460  319
465  319
470  319
475  319
480  319
485  319
490  319
495  319
500  319
505  320
510  320
515  320
520  320
525  320
530  321
535  321
540  321
545  321
550  322
555  322
557  327
558  332
559  337
560  342
561  346
561  351
561  356
561  361
561  366
557  367
552  368
547  368
542  368
537  369
532  369
527  369
522  369
517  369
512  369
507  369
502  369
497  369
492  369
487  369
482  369
477  369
472  369
467  369
462  369
457  369
452  370
447  370
442  370
437  370
432  370
427  370
422  370
417  370
412  370
407  370
402  370
397  370
392  370
387  370
382  370
377  370
372  370
367  370
362  370
357  370
352  370
347  370
342  370
337  370
332  370
327  369
322  369
317  369
312  369
307  368
302  368
297  368
292  366
290  361
289  356
287  352
286  347
286  342
286  337
287  332
288  327
