296  323
301  323
306  322
311  322
316  322
321  321
326  321
331  321
336  321
341  320
346  320
351  320
356  320
361  320
366  320
371  320
376  320
381  319
386  319
391  319
396  319
401  319
406  319
411  319
416  319
421  319
426  319
431  319
436  319
441  319
446  319
451  319
456  319
461  319
466  319
471  319
476  319
481  319
486  318
491  318
496  318
501  318
506  318
511  318
516  318
521  318
526  319
531  319
536  319
541  319
546  319
551  320
556  321
560  323
562  328
562  333
563  338
564  343
564  348
564  353
563  358
563  363
560  367
555  368
550  368
545  368
540  368
535  368
530  368
525  368
520  368
515  368
510  368
505  368
500  368
495  368
490  368
485  368
480  368
475  368
470  369
465  369
460  369
455  369
450  369
445  369
440  369
435  369
430  369
425  369
420  369
415  369
410  368
405  368
400  368
395  368
390  368
385  368
380  368
375  368
370  368
365  368
360  368
355  368
350  368
345  368
340  368
335  368
330  368
325  368
320  367
315  367
310  367
305  367
300  366
295  366
291  363
291  358
290  353
289  348
289  343
289  338
289  333
290  328
292  324
