298  321
303  320
308  319
313  319
318  318
323  318
328  318
333  318
338  318
343  317
348  317
353  317
358  317
363  317
368  316
373  316
378  316
383  316
388  316
393  316
398  316
403  316
408  316
413  316
418  316
423  316
428  316
433  316
438  316
443  316
448  316
453  316
458  316
463  316
468  316
473  316
478  316
483  316
488  316
493  317
498  317
503  317
508  317
513  317
518  317
523  317
528  317
533  318
538  318
543  319
548  319
552  322
554  326
555  331
556  336
557  341
557  346
557  351
557  356
556  361
556  366
552  369
547  369
542  369
537  369
532  369
527  369
522  369
517  369
512  369
507  369
502  370
497  370
492  370
487  370
482  370
477  370
472  370
467  370
462  370
457  370
452  370
447  370
442  370
437  370
432  370
427  370
422  370
417  370
412  370
407  370
402  370
397  370
392  370
387  370
382  370
377  370
372  370
367  370
362  370
357  370
352  370
347  370
342  369
337  369
332  369
327  369
322  369
317  369
312  368
307  368
302  368
297  368
296  363
296  358
295  353
294  348
294  343
294  338
294  333
295  328
297  324
