302  320
306  320
311  320
316  319
321  319
326  319
331  319
336  319
341  319
346  319
351  319
356  319
361  318
366  318
371  318
376  318
381  318
386  318
391  318
396  318
401  318
406  318
411  318
416  318
421  318
426  318
431  318
436  318
441  318
446  318
451  318
456  318
461  318
466  318
471  318
476  318
481  318
486  318
491  318
496  319
501  319
506  319
511  319
516  319
521  319
526  320
531  320
536  320
541  320
546  321
551  321
556  322
560  325
561  330
561  335
562  340
562  345
562  350
561  355
561  360
560  365
558  370
553  370
548  370
543  370
538  370
533  371
528  371
523  371
518  371
513  371
508  371
503  371
498  371
493  371
488  371
483  371
478  371
473  371
468  371
463  371
458  371
453  371
448  371
443  371
438  371
433  371
428  371
423  371
418  371
413  371
408  371
403  371
398  371
393  371
388  371
383  371
378  371
373  371
368  371
363  371
358  371
353  371
348  371
343  371
338  370
333  370
328  370
323  370
318  370
313  369
308  369
303  369
298  367
298  362
297  357
297  352
297  347
297  342
297  337
297  332
297  327
298  322
