294  323
299  323
304  323
309  323
314  323
319  323
324  323
329  323
334  323
339  323
344  323
349  323
354  323
359  323
364  322
369  322
374  322
379  322
384  322
389  322
394  322
399  321
404  321
409  321
414  321
419  321
424  321
429  321
434  321
439  321
444  321
449  321
454  321
459  321
464  321
469  321
474  321
479  321
484  321
489  321
494  321
499  321
504  321
509  321
514  321
519  321
524  321
529  321
534  321
539  322
544  322
549  323
554  323
556  328
557  333
558  338
559  343
559  348
559  353
558  357
557  362
556  367
551  368
546  368
541  368
536  368
531  368
526  368
521  368
516  368
511  369
506  369
501  369
496  369
491  369
486  369
481  370
476  370
471  370
466  370
461  370
456  370
451  371
446  371
441  371
436  371
431  371
426  371
421  371
416  371
411  371
406  371
401  371
396  371
391  371
386  371
381  371
376  371
371  371
366  371
361  371
356  371
351  371
346  371
341  370
336  370
331  370
326  370
321  370
316  370
311  370
306  369
301  369
296  369
291  369
287  365
285  361
285  356
285  351
285  346
284  341
284  336
285  331
287  326
291  324
